000000064
000002556
000002663
000002727
000002047
000000096
000000032
000003047
000000128
000000192
000000437
000001759
000000160
000001823
000001983
000001791
000002759
000001951
000001887
000002015
000002428
000001631
000002695
000000469
000003079
000002855
000000360
000002823
000002887
000002631
000002460
000000328
000001855
000002599
000002524
000001727
000002079
000000401
000000000
000002951
000001695
000001919
000002492
000000501
000000224
000003015
000002791
000002983
000002919
000000296
000001663
