000000800
000002245
000001989
000000576
000000064
000001797
000001893
000001701
000001413
000001024
000000096
000001088
000000704
000000640
000000960
000000032
000000768
000000128
000000192
000000160
000000672
000001445
000000288
000001541
000001152
000001120
000001733
000000384
000002341
000000512
000002181
000001216
000001184
000002053
000001056
000000896
000001637
000000608
000001573
000001669
000000480
000000736
000002309
000000352
000002373
000002085
000000416
000001957
000002117
000000928
000001317
000001925
000002213
000002149
000000320
000000000
000000992
000001605
000001861
000000256
000001509
000000544
000000224
000001381
000001349
000000832
000001248
000001280
000001477
000000864
000002277
000002021
000001765
000001829
000000448
