000001729
000000800
000000576
000000064
000001441
000001024
000000096
000001088
000000704
000000640
000000960
000001473
000000032
000000768
000000128
000000192
000000160
000000672
000001761
000001537
000000288
000001152
000001120
000001569
000000384
000000512
000001665
000001216
000001601
000001184
000001056
000000896
000000608
000000480
000000736
000000352
000001281
000001345
000000416
000000928
000001313
000000320
000000000
000000992
000001505
000000256
000001633
000000544
000000224
000001697
000001409
000000832
000001248
000000864
000001377
000001793
000000448
