000001729
000000800
000001600
000000576
000000064
000001312
000001024
000002183
000001344
000001472
000001536
000000096
000001088
000001632
000000704
000000640
000002055
000000960
000001895
000000032
000000768
000001927
000000128
000000192
000000160
000001568
000000672
000001761
000000288
000001152
000001120
000002087
000001959
000001376
000000384
000000512
000001216
000001184
000001696
000001056
000000896
000002225
000001504
000001863
000000608
000000480
000000736
000000352
000000416
000001664
000000928
000000320
000000000
000000992
000000256
000001408
000002119
000000544
000000224
000002023
000000832
000001440
000001248
000001280
000000864
000002151
000001793
000001991
000000448
000001825
