000001372
000000800
000001500
000000576
000000064
000001980
000002044
000001024
000002076
000001564
000000096
000001088
000000704
000000640
000001212
000000960
000000032
000000768
000000128
000000192
000000160
000000672
000000288
000001120
000001756
000002108
000000384
000001276
000000512
000001468
000001308
000001916
000001056
000000896
000001628
000001788
000000608
000002172
000001724
000000480
000000736
000000352
000001532
000001884
000001692
000000416
000000928
000001340
000001948
000001852
000002140
000002012
000001660
000000320
000000000
000000992
000001244
000000256
000001436
000000544
000000224
000000832
000001404
000000864
000001820
000001596
000000448
