000000800
000001719
000001879
000000576
000000064
000001975
000001024
000001559
000000096
000000704
000000640
000000960
000001463
000002007
000000032
000000768
000001271
000001239
000002201
000000128
000000192
000000160
000000672
000002169
000000288
000002137
000001687
000001303
000001591
000000384
000001847
000001527
000000512
000001783
000000896
000000608
000001495
000000480
000000736
000001623
000002041
000000352
000002073
000001399
000001207
000000416
000000928
000001335
000000320
000001655
000000000
000000992
000001751
000002105
000001431
000000256
000002233
000001911
000000544
000000224
000000832
000001815
000001943
000000864
000001367
000000448
