000001649
000000800
000001009
000001361
000000576
000000064
000001905
000001873
000000096
000000704
000000640
000001809
000001393
000001585
000001137
000000840
000000977
000000032
000000768
000000128
000000192
000001041
000001713
000000160
000000672
000000288
000001617
000001457
000000906
000001169
000000384
000001937
000001201
000000512
000001105
000001777
000000608
000001681
000000480
000000736
000001329
000001841
000000352
000000940
000000416
000001521
000000874
000001553
000000320
000000000
000001489
000001233
000000256
000001073
000000544
000000224
000001297
000001745
000001425
000001265
000000448
