000001380
000000800
000000576
000000064
000001572
000001024
000001988
000000096
000001088
000002150
000001828
000000704
000000640
000001892
000000960
000001700
000001860
000001316
000000032
000000768
000000128
000000192
000001508
000001540
000000160
000000672
000000288
000001152
000001120
000000384
000002086
000000512
000001216
000001184
000002054
000001056
000000896
000001604
000001796
000000608
000001732
000001476
000002214
000000480
000000736
000000352
000001764
000001252
000000416
000002022
000000928
000001348
000000320
000000000
000001412
000000992
000001636
000001956
000000256
000001284
000001444
000002182
000000544
000000224
000000832
000002118
000001668
000001924
000000864
000002246
000002278
000000448
