000001719
000000886
000000982
000001879
000001334
000000630
000000064
000000470
000001975
000000854
000000790
000000694
000001559
000000726
000002103
000001463
000000918
000002007
000000032
000001174
000000502
000001078
000001687
000001591
000001847
000001527
000001783
000001270
000000758
000000598
000001495
000000566
000001623
000001399
000000662
000000534
000001655
000000000
000001751
000001431
000002039
000001911
000002071
000001238
000001142
000001046
000001815
000001110
000001943
000001206
000000950
000001014
000000822
000001367
000001302
