000006937
000000800
000003813
000002592
000003253
000001760
000003221
000005285
000001792
000002464
000001600
000002688
000000576
000000064
000001312
000002880
000004421
000003189
000007001
000002336
000006809
000006265
000001024
000001344
000003589
000001472
000007065
000002272
000002752
000001536
000006553
000003845
000003367
000000096
000002080
000004485
000005221
000001088
000001632
000000704
000000640
000002496
000000960
000003781
000003399
000000032
000000768
000002976
000006713
000006169
000002112
000000128
000002528
000004037
000004773
000000192
000005765
000000160
000004709
000006681
000001568
000002304
000000672
000004581
000007097
000006297
000000288
000001152
000003493
000002016
000004901
000001952
000004997
000005029
000001120
000006425
000001984
000006201
000006873
000005093
000004805
000001376
000005125
000000384
000000512
000006361
000006393
000004549
000002144
000006969
000006105
000003717
000002656
000004677
000004101
000003653
000005989
000001216
000003749
000002368
000003285
000001184
000001696
000001856
000001056
000000896
000007221
000002048
000005669
000005445
000001504
000003973
000000608
000004645
000004261
000005605
000004293
000004453
000001888
000000480
000000736
000006617
000000352
000005477
000002560
000003093
000006329
000005317
000004069
000003525
000002176
000005733
000005573
000005861
000004933
000002912
000001920
000002432
000000416
000004197
000002816
000001664
000005061
000005381
000004165
000000928
000003621
000005541
000005701
000004229
000003685
000006841
000001824
000006233
000005349
000002240
000004005
000002400
000004837
000005253
000000320
000002624
000004357
000005637
000002720
000000000
000000992
000003040
000003877
000006521
000004965
000002848
000006777
000003125
000004517
000000256
000001408
000005893
000004613
000003941
000004741
000004869
000003461
000004389
000007033
000006021
000000544
000000224
000003909
000005157
000006905
000000832
000001440
000001248
000006649
000003008
000003557
000006137
000001280
000005509
000006457
000006073
000006585
000005925
000005957
000001728
000005797
000005189
000000864
000005829
000007129
000006745
000006489
000005413
000002944
000003157
000004325
000004133
000002784
000002208
000000448
