000000463
000000816
000001876
000001780
000000752
000000064
000000559
000001488
000001680
000001328
000000096
000001392
000001360
000001296
000001008
000002004
000000032
000000128
000000192
000000976
000000720
000000160
000000288
000001908
000000784
000000384
000001648
000000656
000000688
000002058
000001104
000000418
000001940
000002242
000001972
000000591
000002274
000001584
000000352
000001200
000001232
000002306
000001616
000000880
000001168
000001812
000002186
000001552
000000320
000000000
000000944
000001040
000001424
000001456
000002154
000000256
000001844
000002122
000002090
000001136
000000848
000000224
000001520
000000495
000001748
000000624
000000912
000001072
000001264
000000527
