000001729
000000800
000000576
000000064
000002433
000001312
000001441
000001024
000001344
000002049
000000096
000001088
000002113
000000704
000000640
000000960
000001473
000000032
000000768
000000128
000000192
000002273
000000160
000000672
000001761
000001537
000000288
000001152
000002337
000002081
000001120
000001569
000001376
000000384
000000512
000001665
000002017
000001216
000001601
000001184
000001953
000001857
000001056
000002177
000000896
000002145
000000608
000000480
000000736
000000352
000002369
000002305
000000416
000000928
000001889
000002241
000000320
000000000
000000992
000001505
000000256
000001985
000001633
000000544
000000224
000001697
000001409
000001921
000000832
000001248
000002401
000001280
000002209
000000864
000001793
000000448
000001825
