000002562
000000385
000001129
000002178
000000064
000000961
000001385
000001225
000000577
000000737
000000801
000000096
000002594
000001353
000000321
000000032
000001762
000000417
000000128
000001922
000000160
000001986
000001089
000001193
000001257
000002530
000002082
000000897
000001417
000002466
000000865
000002786
000000609
000000449
000001826
000001513
000002146
000002498
000002402
000002050
000002434
000000929
000002722
000001545
000000705
000002370
000000289
000001481
000002626
000002242
000000257
000002658
000002274
000001057
000001321
000001890
000000545
000001161
000000993
000002306
000002850
000000353
000000833
000000481
000002210
000002690
000001025
000002754
000000000
000001289
000002114
000000513
000001449
000000673
000002882
000002018
000001609
000000193
000002818
000001794
000000225
000001858
000001954
000000769
000000641
000002338
000001577
