000000800
000001546
000001792
000000576
000000064
000001258
000001024
000001322
000000096
000001088
000000704
000000640
000000960
000000032
000000768
000000128
000000192
000000160
000000672
000000288
000001152
000001120
000000384
000000512
000001194
000001514
000001856
000001056
000000896
000001482
000000608
000001354
000001674
000001888
000000480
000000736
000000352
000001920
000001610
000000416
000000928
000001642
000001707
000001824
000001578
000001386
000000320
000000000
000000992
000001450
000000256
000000544
000000224
000001418
000000832
000000864
000001290
000001226
000000448
