000000800
000001512
000000576
000000064
000001024
000000096
000001088
000000704
000000640
000000960
000000032
000000768
000001544
000000128
000000192
000001770
000000160
000001866
000000672
000000288
000001152
000001802
000001120
000001994
000001416
000000384
000001930
000000512
000001216
000001706
000001184
000001480
000002026
000001056
000002058
000000896
000000608
000001674
000000480
000000736
000001898
000000352
000001834
000001738
000000416
000001288
000000928
000001642
000002186
000000320
000001320
000000000
000000992
000001962
000002154
000000256
000001608
000002122
000002090
000000544
000000224
000001576
000000832
000001248
000000864
000001352
000001448
000001384
000000448
