000000800
000002562
000003842
000001760
000001792
000001600
000000576
000000064
000001312
000002946
000001024
000003298
000001344
000003458
000001472
000002049
000001536
000000096
000002594
000003010
000001088
000002113
000001632
000000704
000000640
000000960
000000032
000000768
000000128
000000192
000002273
000000160
000001568
000000672
000003778
000002914
000000288
000001152
000002337
000002530
000002081
000003426
000001120
000003394
000002466
000001376
000000384
000000512
000003618
000002017
000002786
000003330
000001216
000001184
000002978
000001953
000001696
000001857
000001056
000002177
000000896
000002498
000002402
000002434
000002722
000002145
000003650
000001504
000000608
000002370
000002626
000003138
000002658
000003074
000000480
000000736
000003522
000000352
000003170
000003266
000002305
000003874
000002850
000003746
000000416
000001664
000003234
000003554
000000928
000001889
000002690
000003490
000003586
000001824
000002241
000003362
000000320
000002754
000000000
000000992
000003202
000003810
000003682
000000256
000001408
000001985
000002882
000000544
000000224
000001921
000003714
000000832
000001440
000001248
000001280
000002209
000001728
000002818
000000864
000003106
000003042
000000448
