000002562
000002178
000000576
000000064
000002946
000000096
000002594
000003216
000003010
000000032
000000128
000000192
000001922
000003116
000000160
000001986
000003423
000003327
000002914
000000288
000002530
000002082
000003052
000002466
000001822
000003519
000000384
000003391
000000512
000003295
000002786
000002978
000003487
000002146
000002498
000002402
000002050
000002434
000002722
000000608
000002370
000002626
000002242
000002274
000000480
000000352
000001890
000002306
000002850
000000416
000002210
000002690
000000320
000002754
000000000
000003180
000002114
000003359
000003084
000000256
000002882
000000544
000000224
000002018
000003148
000002818
000003248
000001858
000001790
000001954
000003455
000002338
000000448
