000000800
000001760
000003905
000004481
000001792
000001600
000003073
000000576
000000064
000002433
000001312
000004129
000003841
000004033
000004321
000003361
000003009
000001024
000003201
000004257
000001344
000004769
000002465
000001472
000004545
000002977
000002945
000002049
000002721
000001536
000004673
000000096
000004833
000001088
000002113
000004193
000001632
000000704
000000640
000003233
000000960
000003585
000004065
000000032
000000768
000002657
000004385
000002497
000000128
000000192
000002561
000003745
000003969
000002273
000000160
000001568
000000672
000003937
000004097
000004449
000000288
000001152
000002337
000002081
000001952
000002881
000001120
000004417
000001984
000004801
000003393
000001376
000000384
000003457
000004641
000003713
000000512
000002593
000002017
000002529
000001216
000001184
000003297
000001696
000001856
000001056
000004001
000003809
000002177
000000896
000003521
000004289
000002625
000002145
000001504
000004737
000000608
000002849
000004161
000003265
000003777
000001888
000000480
000000736
000000352
000002369
000004577
000002305
000002913
000003425
000001920
000000416
000001664
000000928
000004353
000001824
000003489
000004609
000002241
000000320
000000000
000000992
000004225
000003617
000003553
000003873
000000256
000001408
000004513
000004897
000003649
000000544
000000224
000003137
000003041
000000832
000001440
000001248
000002401
000003105
000001280
000004865
000002209
000001728
000000864
000003329
000003169
000002689
000004705
000003681
000002785
000002817
000000448
000002753
