000000800
000001760
000001792
000002464
000001600
000000576
000000064
000001312
000002336
000001024
000001344
000001472
000002272
000001536
000003523
000000096
000002080
000003651
000003404
000001088
000002845
000003715
000001632
000000704
000000640
000002496
000000960
000002877
000000032
000000768
000002112
000000128
000002528
000000192
000000160
000001568
000002304
000000672
000000288
000001152
000002016
000001952
000001120
000001984
000003459
000003683
000002973
000003005
000002743
000001376
000003340
000000384
000000512
000002144
000001216
000002368
000001184
000001696
000001856
000001056
000000896
000002048
000003491
000003244
000001504
000000608
000002813
000003619
000003276
000003308
000001888
000000480
000003587
000000736
000000352
000002560
000002176
000003037
000001920
000002432
000000416
000001664
000000928
000002909
000003069
000001824
000002240
000003372
000003555
000002400
000000320
000000000
000000992
000002679
000000256
000001408
000002613
000000544
000000224
000003212
000000832
000001440
000001248
000001280
000002941
000001728
000000864
000002711
000002647
000002208
000000448
