000001723
000000800
000001546
000001883
000001755
000000576
000000064
000001312
000001024
000001787
000001344
000000096
000001088
000000704
000000640
000000960
000002170
000002004
000000032
000000768
000000128
000000192
000000160
000000672
000001851
000000288
000001152
000001120
000001376
000000384
000000512
000001514
000001216
000001184
000002036
000001819
000001056
000000896
000001482
000000608
000002068
000001972
000000480
000000736
000000352
000001610
000000416
000000928
000001691
000001642
000002106
000001578
000002202
000000320
000000000
000000992
000001450
000000256
000000544
000000224
000001418
000000832
000001248
000001280
000002138
000000864
000000448
