000000800
000001760
000001792
000002536
000001600
000000576
000000064
000001312
000002880
000002024
000001024
000002184
000001344
000001472
000002216
000002752
000001536
000000096
000001088
000001632
000000704
000000640
000003254
000000960
000001895
000003318
000000032
000000768
000002976
000000128
000000192
000000160
000001568
000000672
000000288
000001152
000002687
000001960
000001120
000002472
000002504
000002088
000002152
000001376
000000384
000000512
000003350
000003446
000001216
000001184
000002655
000001696
000001856
000001056
000000896
000002589
000002376
000001504
000003478
000000608
000002280
000000480
000003510
000003382
000000736
000000352
000003072
000001992
000001928
000002408
000002912
000003222
000000416
000002816
000001664
000002621
000000928
000001824
000002056
000000320
000002344
000002720
000000000
000000992
000003040
000003286
000002120
000002848
000000256
000001408
000002440
000000544
000000224
000000832
000001440
000001248
000003008
000001280
000001728
000000864
000002312
000003104
000002944
000002248
000003414
000002784
000000448
