000000800
000000576
000000064
000001333
000001461
000001024
000001653
000000096
000001088
000000704
000000640
000000960
000001365
000000032
000000768
000001237
000000128
000000192
000000160
000001823
000000672
000000288
000001152
000001120
000001951
000001429
000001397
000000384
000000512
000001525
000001887
000001056
000000896
000001493
000000608
000001621
000001749
000000480
000000736
000000352
000001269
000000416
000000928
000001855
000001205
000000320
000000000
000000992
000001557
000001301
000000256
000001919
000001781
000000544
000000224
000001717
000000832
000001589
000000864
000001685
000000448
