000002568
000002536
000000064
000001021
000001149
000000096
000001309
000001885
000001373
000001213
000002109
000001469
000001437
000000032
000002077
000000128
000000192
000000160
000001085
000000288
000000989
000001981
000002600
000002472
000000925
000002504
000002632
000001693
000001949
000000384
000000512
000001565
000002333
000000957
000001789
000002141
000002376
000001629
000001661
000000480
000000352
000002237
000002408
000001245
000000416
000001597
000001501
000002205
000001821
000001725
000000320
000000000
000001181
000001533
000000256
000002440
000001277
000002173
000001757
000000224
000001917
000002013
000001117
000001341
000002045
000002269
000001405
000002301
000001853
000000448
000001053
