000000800
000001098
000000576
000000064
000001258
000001024
000001322
000001162
000000096
000000704
000000640
000000960
000000032
000000768
000000128
000000192
000000160
000000672
000000288
000001130
000000384
000000512
000001194
000001514
000001056
000000896
000001628
000001482
000000608
000001354
000000480
000000736
000000352
000001692
000000416
000000928
000001660
000001386
000000320
000000000
000000992
000001450
000000256
000000544
000000224
000001418
000000832
000000864
000001290
000001226
000001596
000000448
