000001499
000001723
000000800
000002139
000001883
000001755
000000576
000000064
000002011
000001595
000000954
000001531
000001339
000001787
000001979
000000096
000001082
000000704
000000640
000000032
000000768
000000128
000000192
000000160
000000672
000001851
000000288
000001114
000001294
000001627
000002043
000000384
000001230
000000512
000001819
000000922
000002075
000002107
000000608
000001947
000001166
000000480
000001435
000000736
000000352
000002171
000000416
000001691
000000986
000001198
000000320
000001563
000000000
000001018
000001467
000000256
000000544
000000224
000001659
000001371
000001050
000001915
000001403
000001262
000000448
