000003700
000002420
000000800
000001760
000004660
000004084
000001792
000001600
000004436
000002644
000000576
000000064
000003828
000001312
000003220
000002336
000003636
000001024
000001344
000003796
000001472
000002272
000005076
000004724
000001536
000004756
000004020
000000096
000002080
000003252
000003156
000001088
000003956
000001632
000000704
000000640
000004980
000000960
000004852
000004116
000000032
000003284
000000768
000003892
000004180
000002112
000000128
000004596
000000192
000000160
000001568
000003028
000002304
000000672
000004916
000000288
000001152
000002016
000001952
000002900
000001120
000004820
000002804
000002932
000005140
000004244
000004276
000001984
000005172
000003860
000004052
000002516
000002484
000001376
000000384
000004404
000004628
000000512
000003988
000002144
000003572
000004468
000004340
000002676
000001216
000002368
000001184
000003380
000001696
000004372
000001856
000001056
000000896
000002048
000001504
000000608
000002964
000005204
000002868
000003508
000001888
000003924
000003316
000000480
000000736
000000352
000002176
000002580
000004948
000004692
000003444
000001920
000004788
000000416
000005012
000001664
000000928
000002708
000003348
000002740
000002452
000001824
000003092
000002240
000004148
000000320
000000000
000000992
000002548
000003668
000004564
000002772
000003764
000003476
000000256
000003540
000001408
000003188
000004212
000004308
000003604
000004884
000003124
000000544
000000224
000004500
000005108
000004532
000000832
000001440
000001248
000002836
000001280
000001728
000000864
000002996
000003060
000005044
000002612
000003732
000002208
000003412
000000448
