000001524
000000800
000002165
000002037
000002069
000001876
000001780
000000576
000000064
000001312
000002358
000002005
000001024
000002390
000000096
000002454
000002422
000001088
000001652
000000704
000000640
000000960
000001684
000002197
000001716
000000032
000000768
000002486
000000128
000000192
000000160
000000672
000000288
000001152
000001428
000001908
000001492
000001120
000002133
000000384
000001396
000002101
000000512
000002229
000002261
000001216
000001184
000001056
000000896
000001556
000000608
000001940
000001972
000002326
000000480
000000736
000000352
000001460
000000416
000000928
000001620
000001812
000002294
000000320
000000000
000000992
000000256
000001844
000000544
000000224
000000832
000001248
000002518
000002550
000001280
000001588
000000864
000001748
000002582
000001364
000000448
