000000800
000000576
000000064
000001299
000001024
000000096
000001135
000000704
000000640
000000960
000001370
000000032
000000768
000000128
000000192
000000160
000000672
000001167
000001402
000000288
000001267
000000384
000000512
000000896
000001338
000001199
000000608
000001434
000000480
000000736
000000352
000001057
000000416
000000928
000001103
000001466
000001530
000001498
000001594
000000320
000000000
000000992
000001562
000001626
000000256
000000544
000000224
000000832
000001658
000000864
000000448
