000001735
000001157
000000064
000001639
000001767
000001253
000000933
000000096
000001287
000000965
000000032
000000901
000000128
000000192
000001511
000001189
000000160
000001799
000000288
000001093
000001061
000000384
000000512
000000997
000001575
000001351
000000837
000001607
000001221
000000740
000001671
000000480
000000352
000001319
000000416
000001029
000001831
000001447
000000320
000001383
000000000
000001125
000000256
000000869
000000224
000001415
000001479
000000773
000001703
000001543
000000805
000000448
