000000658
000001106
000002354
000000064
000001618
000001650
000001522
000002194
000000754
000000096
000001202
000001362
000000850
000001906
000000818
000000032
000000128
000001298
000000192
000000160
000001810
000000288
000001170
000002226
000000626
000001458
000000384
000002002
000000914
000001234
000002258
000002066
000000512
000002290
000002322
000001586
000001554
000000722
000001874
000000882
000000480
000000352
000001842
000001394
000002098
000000416
000001010
000001138
000000786
000001266
000002034
000000594
000000320
000000946
000000000
000001778
000001970
000001490
000001074
000000256
000001938
000002130
000001330
000000224
000001426
000001746
000001042
000001682
000000978
000002162
000001714
000000690
000000448
