000000800
000001600
000000576
000000064
000001312
000001024
000001344
000001472
000001536
000000096
000001088
000000704
000000640
000001675
000000960
000000032
000000768
000000128
000000192
000001931
000000160
000001568
000000672
000000288
000001152
000001120
000001376
000000384
000000512
000001216
000001184
000001056
000000896
000001504
000001963
000000608
000000480
000000736
000000352
000000416
000000928
000001803
000001707
000001899
000001739
000000320
000001771
000000000
000000992
000001867
000000256
000001408
000001633
000000544
000000224
000000832
000001440
000001248
000001280
000001835
000000864
000000448
