000000800
000002483
000000576
000000064
000001747
000002227
000001971
000002739
000001619
000001024
000002707
000001395
000000096
000001088
000000704
000000640
000002067
000000960
000002515
000000032
000000768
000000128
000000192
000000160
000001779
000000672
000000288
000001152
000001120
000002643
000001683
000002131
000000384
000000512
000001216
000001184
000001523
000002003
000001056
000000896
000002611
000002099
000002291
000002323
000000608
000001587
000002547
000000480
000000736
000002387
000000352
000001459
000001907
000000416
000000928
000001715
000002259
000002771
000001555
000001491
000002419
000001843
000001939
000002195
000001651
000000320
000000000
000000992
000001363
000002675
000002163
000001811
000002035
000000256
000002579
000000544
000000224
000002803
000001427
000002451
000000832
000001248
000001280
000002355
000001875
000000864
000000448
