000000800
000000576
000000064
000000096
000000704
000000640
000001287
000000960
000001031
000000032
000000768
000000128
000000192
000001511
000000160
000000672
000000288
000001095
000000384
000000512
000001575
000001063
000001351
000000896
000001607
000001255
000000608
000000999
000000480
000000736
000001159
000000352
000001319
000001191
000000416
000000928
000001127
000001223
000001447
000000320
000001383
000000000
000000256
000000544
000000224
000001415
000001479
000000832
000000864
000001543
000000448
