000001546
000000362
000002378
000000458
000001098
000000064
000003018
000001258
000003114
000001322
000002506
000002570
000001162
000000714
000000096
000000554
000000234
000000842
000003242
000002794
000000938
000000032
000001034
000000128
000000970
000000192
000001770
000000160
000001866
000003210
000001802
000000906
000002410
000000650
000001994
000001130
000000394
000001930
000003082
000001194
000001514
000002858
000001706
000002442
000002026
000000490
000002058
000002826
000001482
000002314
000002730
000001354
000001674
000000522
000002282
000000426
000002986
000000810
000000586
000001898
000001834
000000778
000000746
000002634
000002474
000001610
000001738
000003178
000002954
000001002
000001642
000003050
000002762
000002538
000003146
000000874
000001578
000002186
000001386
000002698
000000000
000002666
000001066
000001962
000001450
000002890
000002154
000002122
000002090
000002218
000002346
000002250
000001418
000002922
000000618
000000298
000002602
000000330
000001290
000000266
000001226
000000682
