000001729
000000800
000001249
000001217
000003073
000000576
000000064
000002433
000000961
000003361
000003009
000001441
000003201
000002465
000002977
000002945
000002049
000002721
000000096
000002113
000001153
000000704
000000640
000003233
000003585
000001473
000000032
000000768
000002657
000002497
000000128
000000192
000002561
000003745
000002273
000000160
000001089
000000672
000001761
000001537
000000288
000002337
000002081
000002881
000000897
000001569
000003393
000000384
000003457
000003713
000000865
000000512
000001665
000002593
000002017
000002529
000001601
000003297
000001953
000001857
000003809
000002177
000003521
000000929
000002625
000002145
000000608
000002849
000001121
000003265
000003777
000000480
000000736
000000352
000001057
000001281
000002369
000000993
000002305
000001345
000002913
000003425
000000416
000000833
000001889
000001313
000003489
000002241
000000320
000001025
000000000
000001505
000003617
000003553
000000256
000001985
000001633
000003649
000000544
000000224
000003137
000001697
000001409
000001921
000003041
000002401
000003105
000001185
000002209
000003329
000003169
000002689
000001377
000001793
000003681
000002785
000002817
000000448
000001825
000002753
