000000800
000000576
000000064
000001312
000001024
000001344
000001472
000001536
000000096
000001088
000000704
000000640
000000960
000000032
000000768
000000128
000000192
000001770
000000160
000001568
000001866
000000672
000000288
000002203
000001152
000001802
000002137
000001120
000001994
000001376
000000384
000001930
000000512
000001216
000001706
000001184
000001056
000000896
000001504
000000608
000001674
000000480
000000736
000002041
000001898
000000352
000002073
000001834
000002171
000001610
000001738
000000416
000000928
000001642
000000320
000000000
000000992
000002105
000001962
000000256
000001408
000000544
000000224
000000832
000001440
000001248
000001280
000002235
000000864
000000448
