000001096
000000904
000000776
000000576
000000064
000001850
000001000
000000096
000002042
000001192
000000704
000000640
000000808
000000840
000000032
000000128
000000192
000000160
000000672
000001914
000000288
000001256
000001517
000001416
000000384
000000512
000001754
000001818
000001482
000001064
000000608
000001978
000000936
000000480
000000352
000000416
000001288
000001786
000001946
000000320
000001320
000000000
000001712
000001224
000000744
000000256
000000968
000000544
000000224
000001128
000001032
000001882
000002010
000001352
000001448
000000872
000001160
000001384
000000448
