000001729
000000800
000003073
000000576
000000064
000002433
000001312
000003009
000001441
000001024
000003201
000001344
000002465
000002977
000002945
000002049
000002721
000000096
000001088
000002113
000000704
000000640
000003233
000000960
000001473
000000032
000000768
000002657
000002497
000000128
000000192
000002561
000002273
000000160
000000672
000001761
000001537
000000288
000001152
000002337
000002081
000002881
000001120
000001569
000000384
000000512
000001665
000002593
000002017
000002529
000001216
000001601
000001184
000001953
000001857
000001056
000002177
000000896
000002625
000002145
000000608
000002849
000003265
000000480
000000736
000000352
000002369
000002305
000002913
000000416
000000928
000001889
000002241
000000320
000000000
000000992
000001505
000000256
000001985
000001633
000000544
000000224
000003137
000001697
000001409
000001921
000003041
000000832
000001248
000002401
000003105
000001280
000002209
000000864
000003169
000002689
000001377
000001793
000002785
000002817
000000448
000001825
000002753
