000001729
000002037
000000385
000001249
000001217
000000064
000000961
000002005
000001441
000000577
000000737
000000801
000000096
000001153
000001473
000000321
000000032
000001941
000000417
000001089
000001761
000001537
000000897
000001569
000000865
000001665
000001973
000000609
000001601
000000449
000000129
000001909
000000929
000000161
000001121
000000705
000000289
000000257
000001057
000001281
000000545
000000993
000001345
000000353
000000833
000000481
000001313
000001025
000000000
000001505
000000513
000000673
000001633
000001877
000001697
000001409
000000193
000001185
000001377
000000225
000000769
000001793
000000641
000001825
