000001729
000001249
000001217
000000576
000000064
000000961
000001441
000000801
000000096
000001153
000000704
000000640
000001473
000000032
000000128
000000192
000000160
000001089
000000672
000001761
000001537
000000288
000000897
000001569
000000384
000000865
000000512
000001665
000001601
000001953
000001857
000000929
000000608
000001121
000000480
000000736
000000352
000001057
000001281
000000993
000001345
000000416
000000833
000001889
000001313
000000320
000001025
000000000
000001505
000000256
000001985
000001633
000000544
000000224
000001697
000001409
000001921
000001185
000001377
000000769
000001793
000000448
000001825
