000000800
000003818
000002592
000003690
000001760
000003168
000001792
000002464
000001600
000002688
000003882
000000576
000004266
000000064
000001312
000002880
000002336
000001024
000001344
000001472
000002272
000002752
000001536
000000096
000002080
000004042
000001088
000001632
000000704
000000640
000003402
000002496
000000960
000000032
000000768
000003562
000002976
000002112
000000128
000002528
000000192
000003658
000000160
000001568
000003296
000002304
000000672
000000288
000001152
000002016
000004010
000001952
000001120
000001984
000001376
000000384
000000512
000003466
000003328
000002144
000003946
000004170
000002656
000003594
000001216
000002368
000001184
000004234
000001696
000001856
000001056
000000896
000002048
000003978
000003232
000001504
000000608
000003264
000001888
000000480
000000736
000000352
000003072
000002560
000002176
000002912
000001920
000002432
000000416
000002816
000001664
000000928
000003786
000003754
000001824
000002240
000003136
000004202
000002400
000003200
000000320
000002624
000003722
000002720
000000000
000000992
000003040
000003498
000002848
000003914
000000256
000001408
000003530
000000544
000000224
000000832
000001440
000001248
000003008
000001280
000001728
000000864
000003104
000003370
000003626
000004074
000004106
000002944
000004138
000003434
000003850
000002784
000002208
000000448
