000000800
000002102
000000576
000000064
000001333
000001173
000002358
000002806
000001024
000003030
000002390
000001462
000000096
000002454
000002422
000001088
000000704
000000640
000002070
000002710
000000960
000002198
000001365
000001430
000002902
000000032
000000768
000002486
000001237
000000128
000000192
000001942
000000160
000001141
000002934
000003094
000000672
000001974
000000288
000002678
000003062
000002870
000001397
000000384
000000512
000001718
000001526
000001878
000001056
000000896
000002998
000001814
000002614
000000608
000002326
000002742
000002166
000002230
000000480
000000736
000000352
000001846
000001590
000001269
000000416
000000928
000002038
000002294
000001205
000000320
000000000
000000992
000001782
000001301
000001750
000002838
000000256
000000544
000000224
000002134
000000832
000002518
000001910
000002550
000001686
000002646
000002006
000002966
000000864
000001558
000002582
000001494
000001622
000001654
000002262
000000448
000002774
