000001406
000001438
000000800
000000576
000000064
000001214
000001024
000000096
000001342
000001278
000001088
000001246
000000704
000000640
000000960
000001630
000000032
000000768
000001534
000000128
000000192
000000160
000000672
000000288
000001152
000001120
000001566
000000384
000000512
000001056
000000896
000000608
000001662
000000480
000000736
000000352
000001502
000000416
000000928
000001470
000001374
000000320
000000000
000000992
000001598
000000256
000000544
000000224
000000832
000000864
000001694
000001310
000000448
