000001729
000002562
000000385
000001249
000002178
000001217
000000064
000000961
000001441
000000577
000000737
000000801
000000096
000002594
000001153
000001473
000000321
000000032
000000417
000000128
000001922
000001986
000001089
000001761
000001537
000002914
000002530
000002082
000000897
000002466
000001569
000000865
000001665
000002786
000000609
000001601
000000449
000001857
000002146
000002498
000002402
000002050
000002434
000000929
000002722
000001121
000000705
000002370
000000289
000002626
000002242
000000257
000002658
000002274
000001057
000001281
000001890
000000545
000000993
000002306
000001345
000002850
000000353
000000833
000000481
000002210
000002690
000001313
000001025
000002754
000000000
000001505
000002114
000000513
000000673
000001633
000002882
000001697
000001409
000002018
000000193
000001185
000002818
000001377
000000225
000001954
000000769
000001793
000000641
000002338
000001825
