000000883
000000659
000001331
000000064
000001299
000001619
000001075
000001395
000001107
000000351
000000032
000000691
000001139
000000511
000001267
000000787
000000287
000000947
000000479
000000755
000001523
000000819
000001587
000000319
000000563
000000627
000001459
000001043
000000979
000001235
000001555
000000723
000001491
000001203
000000915
000000000
000000383
000001363
000000851
000000127
000000595
000001427
000000223
000000191
000000447
000000415
000001011
000001171
000000159
000000255
