000001372
000000658
000001500
000001106
000000064
000001180
000000754
000001564
000000096
000000850
000001212
000000818
000000032
000000128
000000192
000000160
000000288
000000626
000001148
000000384
000000914
000001276
000000512
000001468
000001308
000001628
000000722
000000882
000000480
000000352
000001532
000000416
000001010
000001340
000000786
000001660
000000320
000000946
000000000
000001244
000001074
000000256
000001436
000000544
000000224
000001404
000001042
000000978
000000690
000001596
000000448
