000001729
000000800
000002027
000002519
000000576
000000064
000001312
000001441
000001024
000001344
000002455
000000096
000001088
000002103
000000704
000000640
000000960
000002167
000001473
000000032
000000768
000002135
000000128
000002551
000000192
000002583
000001931
000000160
000000672
000001761
000001537
000000288
000001152
000001120
000001569
000000384
000002487
000000512
000001665
000002615
000001216
000001601
000001184
000001056
000000896
000001995
000001963
000000608
000000480
000000736
000000352
000002359
000002263
000000416
000002327
000000928
000001803
000001899
000000320
000000000
000000992
000001505
000002679
000002391
000002199
000001867
000000256
000002231
000002071
000001633
000000544
000000224
000002423
000001697
000001409
000000832
000001248
000001280
000001835
000000864
000001377
000002295
000002711
000002647
000000448
