000000800
000001760
000001792
000002178
000001600
000000576
000000064
000001312
000001024
000001344
000001472
000001536
000000096
000001088
000001632
000000704
000000640
000000960
000000032
000000768
000000128
000000192
000001922
000000160
000001986
000001568
000000672
000000288
000001152
000002082
000001120
000001376
000000384
000000512
000001216
000001184
000001696
000001856
000001056
000002146
000000896
000002050
000001504
000000608
000002242
000002274
000000480
000000736
000000352
000001890
000000416
000001664
000000928
000002210
000001824
000000320
000000000
000000992
000002114
000000256
000001408
000000544
000000224
000002018
000000832
000001440
000001248
000001280
000001728
000000864
000001954
000000448
