000004614
000000800
000002592
000001760
000003168
000001792
000005158
000002464
000004262
000001600
000002688
000006298
000000576
000000064
000001312
000006234
000002880
000004198
000003334
000002336
000006106
000001024
000003910
000001344
000001472
000002272
000006010
000003686
000002752
000001536
000003398
000005254
000000096
000002080
000006266
000001088
000005798
000005318
000005946
000001632
000000704
000000640
000004998
000002496
000000960
000003942
000004358
000000032
000000768
000003430
000005382
000004742
000002976
000004294
000002112
000004454
000000128
000002528
000000192
000000160
000001568
000002304
000000672
000004422
000000288
000003846
000001152
000002016
000001952
000001120
000003494
000001984
000005574
000003462
000001376
000000384
000006074
000000512
000004710
000002144
000002656
000005414
000001216
000002368
000001184
000001696
000006202
000005670
000001856
000001056
000003782
000000896
000005030
000004390
000002048
000005446
000003232
000001504
000000608
000003974
000004902
000006170
000003302
000004070
000004326
000004006
000003264
000003654
000004486
000001888
000000480
000000736
000000352
000003072
000004102
000005766
000002560
000004518
000004934
000005222
000002176
000003718
000005702
000002912
000004134
000001920
000002432
000000416
000002816
000001664
000003590
000004806
000004966
000004230
000000928
000004838
000005478
000003878
000005350
000003814
000004550
000001824
000002240
000003136
000003558
000005542
000005094
000002400
000003200
000000320
000002624
000002720
000004038
000003622
000000000
000000992
000003040
000005734
000002848
000005914
000004870
000005510
000000256
000003366
000001408
000004582
000003750
000005978
000004166
000003526
000000544
000000224
000005638
000000832
000001440
000001248
000003008
000005882
000004646
000005850
000001280
000004678
000005062
000004774
000001728
000005190
000000864
000006138
000003104
000005126
000002944
000005606
000002784
000002208
000006042
000000448
000005286
