000000800
000001760
000003905
000001792
000001600
000003073
000000576
000000064
000002433
000001312
000004129
000003841
000004033
000002336
000004321
000003361
000003009
000001024
000003201
000004257
000001344
000002465
000001472
000002272
000002977
000002945
000002721
000001536
000000096
000002080
000001088
000004193
000001632
000000704
000000640
000003233
000000960
000003585
000004065
000000032
000000768
000002657
000002497
000002112
000000128
000000192
000002561
000003745
000003969
000000160
000001568
000002304
000000672
000003937
000004097
000000288
000001152
000002016
000001952
000002881
000001120
000001984
000003393
000001376
000000384
000003457
000003713
000000512
000002593
000002144
000002529
000001216
000002368
000001184
000003297
000001696
000001856
000001056
000004001
000003809
000000896
000003521
000002048
000004289
000002625
000001504
000000608
000002849
000004161
000003265
000003777
000001888
000000480
000000736
000000352
000002176
000002913
000003425
000001920
000000416
000001664
000000928
000001824
000002240
000003489
000000320
000000000
000000992
000004225
000003617
000003553
000003873
000000256
000001408
000003649
000000544
000000224
000003137
000003041
000000832
000001440
000001248
000002401
000003105
000001280
000001728
000000864
000003329
000003169
000002689
000003681
000002785
000002208
000002817
000000448
000002753
