000002568
000000800
000001249
000002536
000001512
000001217
000002907
000000576
000000064
000000961
000002024
000002184
000001864
000002216
000000096
000001153
000000704
000000640
000000032
000000768
000001896
000001544
000000128
000001832
000000192
000002696
000000160
000001089
000000672
000000288
000001960
000001736
000002600
000002472
000002504
000002632
000001416
000002088
000002152
000000384
000000512
000002760
000001480
000000896
000000929
000002664
000002376
000000608
000001121
000001704
000002280
000003003
000001768
000000480
000000736
000002971
000000352
000001057
000001281
000001672
000000993
000001992
000001928
000002408
000000416
000001313
000002843
000002056
000002728
000002875
000000320
000001025
000002344
000000000
000002120
000000256
000001800
000002440
000001608
000000544
000000224
000001576
000001640
000000832
000002811
000002939
000001185
000000864
000002312
000001352
000001448
000002248
000001384
000000448
