000000800
000002592
000001760
000001792
000002464
000001600
000002688
000000576
000000064
000001312
000002946
000002336
000001024
000003298
000001344
000003458
000001472
000002272
000002752
000001536
000000096
000002080
000003010
000001088
000001632
000000704
000000640
000002496
000000960
000000032
000000768
000002112
000000128
000002528
000000192
000000160
000001568
000002304
000000672
000002914
000000288
000001152
000002016
000001952
000003426
000001120
000003394
000001984
000001376
000000384
000000512
000003618
000002144
000003330
000002656
000001216
000002368
000001184
000002978
000001696
000001856
000001056
000000896
000002048
000003650
000001504
000000608
000003138
000001888
000003074
000000480
000000736
000003522
000000352
000002560
000003170
000003266
000002176
000003746
000001920
000002432
000000416
000002816
000001664
000003234
000003554
000000928
000003490
000003586
000001824
000002240
000003362
000002400
000000320
000002624
000002720
000000000
000000992
000003202
000002848
000003682
000000256
000001408
000002882
000000544
000000224
000003714
000000832
000001440
000001248
000001280
000001728
000000864
000003106
000002784
000002208
000003042
000000448
