000000738
000000194
000001378
000000610
000000770
000001090
000000962
000001122
000001218
000001474
000000226
000000066
000000514
000000032
000001314
000001282
000000546
000000578
000000482
000000834
000000322
000001058
000000802
000000098
000000706
000001186
000000130
000000898
000000418
000000642
000000354
000000994
000000930
000001154
000000450
000000258
000001442
000000386
000001538
000001250
000000000
000001506
000001346
000001410
000000162
000000866
000000674
000000290
000001026
000001570
