000000800
000002651
000001760
000001792
000001600
000002907
000000576
000000064
000001312
000002459
000002336
000001024
000001344
000001472
000002272
000001536
000000096
000002080
000001088
000001632
000000704
000000640
000000960
000002619
000000032
000000768
000002587
000002112
000000128
000000192
000002715
000000160
000002779
000001568
000002304
000000672
000000288
000001152
000002016
000001952
000001120
000001984
000001376
000000384
000000512
000002144
000001216
000002368
000001184
000001696
000001856
000001056
000000896
000002048
000001504
000002683
000000608
000001888
000000480
000000736
000000352
000002176
000001920
000000416
000001664
000000928
000001824
000002843
000002240
000002875
000000320
000000000
000000992
000000256
000001408
000000544
000000224
000000832
000002811
000001440
000001248
000002747
000002939
000001280
000001728
000000864
000002555
000002523
000002491
000002208
000000448
