000000670
000000064
000000927
000001343
000000096
000000863
000001567
000001599
000001023
000000991
000000032
000001279
000000128
000000192
000000799
000000160
000000288
000000702
000000384
000001375
000001215
000000542
000001087
000000831
000000734
000001631
000000480
000000352
000001439
000000416
000000766
000000959
000001311
000000574
000001119
000001247
000000320
000000000
000001471
000000256
000001151
000000606
000001503
000000224
000000895
000001183
000001407
000000638
000001535
000001055
000000448
