000000800
000001760
000001792
000001600
000000576
000000064
000001312
000001024
000002243
000001344
000001472
000001536
000000096
000002080
000002499
000001088
000002307
000001632
000000704
000000640
000000960
000000032
000000768
000002112
000000128
000000192
000000160
000001568
000000672
000000288
000001152
000002016
000001952
000001120
000002467
000002275
000001984
000001376
000000384
000000512
000002144
000001216
000001184
000002563
000001696
000001856
000001056
000000896
000002048
000001504
000000608
000002211
000001888
000000480
000000736
000002339
000000352
000002176
000001920
000000416
000001664
000000928
000001824
000002435
000000320
000000000
000000992
000002403
000000256
000001408
000000544
000000224
000000832
000001440
000001248
000001280
000001728
000002531
000000864
000002371
000000448
