000001331
000001106
000000576
000000064
000001619
000001395
000000096
000001202
000000850
000000704
000000640
000000818
000000032
000000128
000001298
000000192
000000160
000000672
000000288
000001170
000000384
000000914
000001234
000000512
000001523
000000608
000001587
000000882
000000480
000000352
000001459
000000416
000001010
000001138
000000786
000001555
000001491
000001266
000001651
000000320
000000946
000000000
000001363
000001074
000000256
000000544
000000224
000001427
000001042
000000978
000000448
