000000942
000001486
000000064
000001422
000000846
000001070
000000654
000000096
000000032
000001678
000001870
000000878
000000128
000000192
000000160
000000910
000000288
000001006
000001102
000001838
000001294
000001358
000000814
000000782
000000384
000001230
000001710
000000512
000001390
000001806
000001326
000001518
000001038
000001166
000001582
000000480
000000352
000001774
000000416
000000974
000001902
000001134
000001614
000001742
000001198
000000320
000000000
000000750
000001550
000001934
000000256
000000686
000000718
000001454
000000224
000001646
000001262
000000448
