000000884
000001524
000001076
000001780
000000576
000000064
000001012
000001236
000001332
000000916
000001204
000000852
000000096
000001652
000001684
000001716
000000032
000001108
000000128
000000192
000000160
000000288
000001428
000000820
000001492
000000660
000000628
000000384
000001396
000000788
000000512
000000980
000001268
000001556
000000480
000000756
000000352
000001140
000001044
000001460
000000416
000001620
000001812
000000320
000000000
000000256
000001844
000001172
000000544
000000224
000000948
000000724
000001588
000001748
000001364
000001300
000000692
000000448
