000003267
000003331
000000800
000003011
000003843
000003875
000003907
000000576
000000064
000004483
000001024
000001378
000002243
000002851
000004611
000003939
000004355
000001090
000004035
000003523
000000096
000003651
000001122
000004579
000002499
000001218
000003715
000002307
000000704
000001474
000000640
000000960
000002979
000000032
000000768
000001314
000004067
000001762
000000128
000004451
000003395
000000192
000001922
000000160
000004547
000001986
000004419
000000672
000004259
000000288
000001282
000002082
000002467
000002275
000003075
000001730
000003459
000002723
000003683
000004387
000003171
000004099
000002595
000000384
000001058
000004003
000000512
000003107
000002563
000003139
000001826
000000896
000003491
000002050
000001186
000003043
000000608
000003971
000002211
000003619
000000480
000003587
000000736
000001602
000002339
000000352
000004323
000002755
000001890
000004515
000000416
000002915
000002819
000000928
000003427
000001154
000004131
000004163
000002147
000003747
000002435
000001442
000003555
000001538
000002691
000002179
000000320
000001666
000001250
000000000
000000992
000002403
000003779
000002883
000001698
000001506
000004195
000001346
000000256
000002787
000002947
000002627
000003235
000004227
000001410
000000544
000000224
000003203
000001634
000002018
000000832
000002115
000002659
000004291
000003811
000002531
000000864
000002371
000001794
000001858
000001954
000003299
000003363
000000448
000001570
