000000800
000001760
000002628
000002788
000001792
000001600
000000576
000000064
000001312
000002393
000002297
000001024
000001344
000001472
000001536
000000096
000001088
000002113
000001632
000000704
000000640
000000960
000000032
000000768
000000128
000000192
000002820
000000160
000001568
000000672
000000288
000001152
000002016
000002081
000001952
000001120
000001984
000002425
000002724
000002187
000001376
000000384
000000512
000001216
000001184
000001696
000001856
000001056
000000896
000002361
000002048
000001504
000002489
000002329
000002155
000000608
000001888
000000480
000000736
000000352
000002457
000002265
000001920
000000416
000001664
000000928
000001824
000002596
000000320
000000000
000000992
000000256
000001408
000002660
000000544
000000224
000002756
000000832
000001440
000001248
000001280
000001728
000000864
000002692
000000448
