000001098
000000064
000000711
000001162
000000096
000000842
000001567
000001599
000001463
000000938
000000032
000001034
000000128
000000970
000000192
000000160
000000288
000000906
000000647
000001130
000001303
000000384
000000512
000001194
000000551
000001495
000000810
000000480
000000352
000000778
000001399
000000416
000001002
000000615
000000874
000001335
000001641
000000320
000000583
000000000
000001066
000001431
000000256
000000679
000000224
000000743
000001261
000001367
000001226
000000448
