000000800
000001546
000002378
000001098
000000576
000000064
000003018
000001258
000001322
000002506
000002570
000001162
000000096
000000842
000002794
000000704
000000640
000000938
000000032
000000768
000001034
000000128
000000970
000000192
000001770
000000160
000001866
000000672
000000288
000001802
000000906
000002410
000001994
000001130
000000384
000001930
000000512
000001194
000001514
000002858
000001706
000002442
000002026
000002058
000002826
000001482
000002314
000002730
000000608
000001354
000001674
000002282
000002986
000000480
000000736
000001898
000000352
000001834
000002634
000002474
000001610
000001738
000000416
000002954
000001002
000001642
000002762
000002538
000000874
000001578
000002186
000001386
000000320
000002698
000000000
000002666
000001066
000001962
000001450
000002890
000002154
000000256
000002122
000002090
000002218
000002346
000000544
000000224
000002250
000001418
000002922
000002602
000001290
000001226
000000448
