000000800
000002592
000001760
000003905
000004481
000001792
000002464
000001600
000002688
000003073
000000576
000000064
000001312
000002880
000004129
000003841
000004033
000002336
000004321
000003361
000001024
000003201
000004257
000001344
000004769
000001472
000004545
000002272
000002752
000001536
000004673
000000096
000002080
000004833
000001088
000004193
000001632
000000704
000000640
000003233
000002496
000000960
000003585
000004065
000000032
000000768
000004385
000002976
000002112
000000128
000002528
000000192
000003745
000003969
000000160
000001568
000002304
000000672
000003937
000004097
000004449
000000288
000001152
000002016
000001952
000001120
000004417
000001984
000004801
000003393
000001376
000000384
000003457
000004641
000003713
000000512
000002144
000002656
000001216
000002368
000001184
000003297
000001696
000001856
000001056
000004001
000003809
000000896
000003521
000002048
000004289
000001504
000004737
000000608
000004161
000003265
000003777
000001888
000000480
000000736
000000352
000002560
000002176
000004577
000002912
000003425
000001920
000002432
000000416
000002816
000001664
000000928
000004353
000001824
000002240
000003489
000004609
000002400
000000320
000002624
000002720
000000000
000000992
000004225
000002848
000003617
000003553
000003873
000000256
000001408
000004513
000003649
000000544
000000224
000003137
000003041
000000832
000001440
000001248
000003008
000003105
000001280
000004865
000001728
000000864
000003329
000003169
000004705
000002944
000003681
000002784
000002208
000000448
