000000800
000002057
000002089
000000576
000000064
000001385
000001225
000001024
000001673
000002249
000000096
000001088
000000704
000001353
000000640
000000960
000000032
000000768
000000128
000000192
000001961
000001705
000000160
000000672
000001193
000000288
000001257
000002153
000001120
000002185
000001417
000000384
000000512
000002313
000001993
000001056
000001513
000000896
000002281
000001545
000000608
000001897
000001481
000000480
000000736
000002217
000000352
000001321
000002121
000001161
000001769
000000416
000000928
000001801
000001737
000002345
000002377
000001641
000000320
000000000
000000992
000001289
000000256
000001449
000001865
000002025
000000544
000000224
000000832
000001609
000001929
000000864
000001833
000001577
000000448
