000000271
000000463
000000303
000000064
000002543
000001615
000001647
000000559
000001423
000002191
000000096
000001583
000001135
000001807
000001711
000001039
000001071
000000032
000001007
000000128
000000192
000000160
000001167
000002447
000000975
000001775
000002383
000001839
000001679
000002319
000002479
000000847
000000943
000001551
000002511
000001199
000000815
000000719
000002607
000000591
000000367
000000783
000001871
000002095
000001231
000002063
000001359
000002575
000002159
000000431
000000687
000001487
000001103
000000335
000002351
000000399
000002223
000000623
000001935
000001327
000001967
000000000
000001295
000001903
000000655
000001743
000001455
000002127
000002415
000000879
000001999
000002287
000001391
000000224
000002031
000001263
000002255
000000495
000001519
000000911
000000751
000000527
