000001380
000000800
000002628
000002020
000002788
000000964
000003364
000002948
000000576
000000064
000003556
000001572
000002212
000003652
000001988
000003044
000002404
000000096
000001828
000000704
000000640
000001892
000003780
000001700
000001860
000001316
000002372
000000032
000000768
000003332
000000128
000000192
000001508
000001540
000002820
000000160
000003012
000002852
000000672
000002084
000002532
000001092
000000288
000002180
000003844
000000897
000003620
000002980
000002724
000000996
000000384
000003076
000002500
000001220
000000512
000003236
000003300
000002276
000001604
000003172
000003524
000001028
000000929
000001796
000003460
000002148
000000608
000001732
000002916
000003684
000002884
000001476
000002052
000000480
000000736
000000352
000001764
000002308
000001252
000000416
000003588
000002340
000003748
000003716
000002468
000001348
000002596
000000320
000000000
000001412
000001636
000001956
000003140
000001124
000001188
000000256
000002660
000001284
000003876
000003492
000001444
000003268
000000544
000000224
000001060
000002756
000000832
000001668
000003108
000002564
000001924
000002244
000000864
000003204
000003396
000002692
000003428
000003812
000002116
000000448
000002436
000001156
