000000738
000002165
000002037
000001845
000002069
000001780
000002519
000000064
000002005
000001378
000000610
000002455
000000770
000001090
000002903
000002935
000000962
000000096
000001122
000001218
000001474
000000514
000002197
000000032
000001314
000001941
000000128
000002775
000002551
000000192
000002583
000002325
000001713
000000160
000000288
000001282
000000546
000002293
000003063
000002133
000000578
000000482
000003096
000000834
000000322
000002743
000001058
000002487
000002101
000003236
000002615
000002229
000001973
000002261
000000802
000000706
000003172
000001909
000001186
000000898
000000418
000000642
000000354
000002999
000001602
000002359
000000994
000002807
000000930
000002839
000001154
000002967
000000450
000001442
000001813
000000386
000001538
000001666
000001250
000000000
000002679
000002391
000003140
000001506
000001346
000000256
000001410
000000224
000001877
000002423
000001634
000000866
000000674
000003031
000002871
000003204
000001026
000002711
000002647
000001570
