000000800
000001512
000000576
000000064
000001024
000001864
000000096
000001088
000000704
000000640
000000960
000000032
000000768
000001544
000000128
000001832
000000192
000000160
000000672
000000288
000001152
000001256
000001120
000001736
000001416
000000384
000000512
000001216
000001184
000001480
000001056
000000896
000000608
000001704
000001768
000000480
000000736
000000352
000001672
000000416
000001288
000000928
000000320
000001320
000000000
000000992
000000256
000001800
000001608
000000544
000000224
000001576
000001640
000000832
000000864
000001352
000001448
000001384
000000448
