000004672
000005248
000008224
000000800
000002592
000001760
000004992
000003168
000003488
000001792
000002464
000001600
000002688
000007648
000000576
000000064
000001312
000006784
000002880
000005216
000002336
000005568
000004352
000003936
000001024
000005856
000005760
000004864
000006048
000006272
000003872
000001344
000007680
000001472
000003616
000002272
000005952
000008160
000002752
000001536
000007136
000000096
000002080
000003456
000001088
000001632
000000704
000000640
000003968
000002496
000000960
000007488
000004736
000003584
000005056
000004832
000007392
000007168
000008192
000000032
000000768
000002976
000006016
000002112
000000128
000007744
000002528
000000192
000007808
000005536
000000160
000006208
000003808
000001568
000003296
000002304
000007072
000008128
000000672
000005984
000000288
000003360
000001152
000007776
000005088
000002016
000001952
000001120
000008000
000005120
000001984
000007616
000007104
000004448
000001376
000000384
000006816
000004960
000000512
000008064
000003328
000003392
000004544
000002144
000004224
000002656
000004128
000005664
000001216
000002368
000001184
000006624
000001696
000007296
000001856
000001056
000004384
000004800
000000896
000002048
000006368
000004480
000006496
000003232
000001504
000007040
000005632
000000608
000007968
000003680
000006144
000006912
000004064
000004288
000006752
000007232
000003520
000004192
000003776
000003264
000001888
000007872
000007328
000006720
000000480
000000736
000006240
000004896
000008096
000000352
000003072
000006112
000003712
000002560
000005312
000002176
000005824
000003744
000002912
000006400
000001920
000002432
000000416
000006432
000002816
000001664
000005920
000004576
000000928
000005440
000004608
000006976
000006944
000006848
000006688
000005280
000003424
000001824
000004032
000005024
000002240
000003136
000006560
000004512
000004768
000007520
000002400
000006656
000003840
000003200
000000320
000002624
000006464
000003904
000002720
000007552
000000000
000000992
000003040
000008032
000006176
000004160
000005792
000003648
000002848
000007936
000007200
000005600
000006880
000005184
000000256
000005728
000001408
000006304
000005152
000005696
000000544
000000224
000006528
000007584
000000832
000001440
000001248
000007360
000004000
000004416
000003008
000004320
000001280
000005376
000005504
000005344
000008256
000004928
000001728
000005472
000006336
000007424
000007264
000000864
000003104
000007904
000007712
000005408
000006592
000004096
000002944
000007840
000007008
000004256
000006080
000005888
000003552
000004704
000004640
000007456
000002784
000002208
000000448
