000001096
000000904
000000800
000001512
000000576
000000064
000001864
000001000
000000096
000001192
000000704
000000640
000000032
000000768
000001896
000001544
000000128
000001832
000000192
000000160
000000672
000000288
000001256
000001960
000001736
000001416
000000384
000000512
000001480
000001064
000000608
000001704
000000936
000001768
000000480
000000736
000000352
000001672
000001992
000001928
000000416
000001288
000000320
000001320
000000000
000001224
000000256
000001800
000001608
000000968
000000544
000000224
000001576
000001640
000001128
000001032
000001352
000001448
000000872
000001160
000001384
000000448
