000001524
000000800
000001780
000000576
000000064
000001312
000001024
000001344
000000096
000001088
000001652
000000704
000000640
000000960
000001684
000001716
000000032
000000768
000000128
000000192
000000160
000000672
000000288
000001152
000001492
000001120
000001376
000000384
000000512
000001216
000001184
000001056
000000896
000001556
000000608
000000480
000000736
000000352
000000416
000000928
000001620
000000320
000000000
000000992
000000256
000001408
000000544
000000224
000000832
000001440
000001248
000001280
000001588
000000864
000001748
000000448
