000002215
000000800
000001600
000001735
000000576
000000064
000001312
000002471
000001024
000001767
000002663
000002183
000001344
000001472
000002727
000003175
000001536
000002375
000000096
000001088
000001632
000000704
000000640
000002407
000002055
000002439
000000960
000001895
000003143
000000032
000000768
000003047
000001927
000000128
000000192
000000160
000001799
000001568
000000672
000000288
000001152
000001120
000001687
000002311
000002087
000002567
000002759
000001959
000001376
000000384
000002247
000000512
000001216
000001184
000002279
000003207
000001056
000000896
000001504
000001863
000000608
000002695
000003079
000000480
000000736
000002855
000000352
000002823
000002887
000002631
000000416
000000928
000001831
000002599
000000320
000000000
000000992
000002951
000002343
000000256
000001408
000002119
000000544
000000224
000002023
000002535
000002503
000000832
000001440
000001248
000003015
000001280
000003111
000002791
000002983
000000864
000002151
000002919
000001991
000000448
