000003077
000000800
000003813
000002592
000001760
000001792
000002464
000001600
000002688
000000576
000000064
000001312
000002880
000003109
000002336
000001024
000001344
000003589
000001472
000002272
000002752
000001536
000003237
000003845
000000096
000002080
000001088
000001632
000000704
000003173
000000640
000002496
000000960
000003781
000000032
000000768
000002112
000000128
000002528
000004037
000000192
000003429
000000160
000001568
000002304
000000672
000003333
000003013
000000288
000001152
000003493
000002016
000001952
000001120
000002949
000001984
000001376
000000384
000000512
000002144
000003717
000002656
000004101
000003653
000001216
000003749
000002368
000001184
000001696
000001856
000001056
000000896
000002048
000003301
000001504
000003973
000000608
000003269
000001888
000000480
000000736
000000352
000002560
000002981
000004069
000003525
000002176
000002912
000001920
000002432
000000416
000002816
000001664
000004165
000000928
000003621
000003397
000003685
000003365
000001824
000002240
000004005
000002400
000000320
000002624
000002720
000000000
000000992
000003877
000002848
000000256
000003141
000001408
000003045
000003941
000003461
000000544
000000224
000003909
000000832
000001440
000001248
000003205
000003557
000001280
000001728
000000864
000004133
000002784
000002208
000000448
