000002899
000001249
000003027
000001217
000002483
000000576
000000064
000000961
000001747
000002227
000001971
000002739
000001619
000001441
000002963
000002707
000000801
000000096
000003091
000001153
000000704
000000640
000002067
000002515
000001473
000000032
000000768
000002995
000000128
000000192
000000160
000001089
000001779
000000672
000001537
000000288
000000897
000003219
000002643
000001683
000002131
000000384
000003251
000000865
000000512
000002931
000003059
000002003
000002835
000002611
000002099
000000929
000002291
000002323
000000608
000001121
000002547
000000480
000000736
000002387
000000352
000001057
000001281
000000993
000001345
000001907
000000416
000000833
000001715
000002259
000002771
000001313
000003187
000002419
000001843
000001939
000002195
000003155
000001651
000000320
000001025
000000000
000001505
000002675
000003283
000002163
000001811
000002035
000000256
000002579
000000544
000000224
000002803
000001409
000002451
000002355
000003123
000001185
000001875
000001377
000002867
000000448
