000000800
000000576
000000064
000001343
000000096
000001567
000000704
000000640
000001599
000000960
000000032
000000768
000001279
000000128
000000192
000000160
000000672
000000288
000000384
000001375
000001215
000000512
000001087
000000896
000000608
000001631
000000480
000000736
000000352
000001439
000000416
000000928
000001311
000001119
000001247
000000320
000000000
000000992
000001471
000001695
000000256
000001151
000001503
000000544
000000224
000000832
000001183
000001407
000000864
000001535
000001663
000001055
000000448
