000001524
000000800
000001076
000001876
000001780
000002027
000000576
000000064
000001012
000001236
000001332
000001204
000000096
000002123
000001652
000000704
000000640
000001684
000001716
000000032
000000768
000002283
000001108
000002443
000000128
000002507
000000192
000000160
000000672
000000288
000001428
000001908
000001492
000002251
000002315
000002187
000000384
000001396
000000512
000002475
000002539
000000896
000000980
000002091
000001268
000001556
000001995
000002155
000000608
000001940
000000480
000000736
000000352
000001140
000001044
000001460
000000416
000000928
000001620
000001812
000000320
000000000
000000256
000001844
000001172
000000544
000000224
000000832
000002379
000001588
000000864
000001748
000002059
000002219
000002411
000002347
000001364
000001300
000000448
