000000800
000001249
000002178
000001217
000000576
000000064
000002476
000001378
000000096
000001153
000000704
000001474
000000640
000000960
000000032
000000768
000001314
000002549
000001762
000000128
000000192
000001922
000000160
000001986
000001089
000000672
000000288
000001282
000002082
000001730
000000384
000000512
000001826
000002146
000000896
000002402
000002050
000002434
000000608
000001121
000002370
000002242
000002517
000002274
000000480
000000736
000001602
000000352
000001057
000001890
000000993
000002306
000000416
000000928
000002210
000001442
000001538
000000320
000001666
000001025
000000000
000001698
000002679
000002114
000001506
000001346
000000256
000002613
000001410
000000544
000000224
000001634
000002018
000000832
000002646
000001185
000000864
000001794
000002581
000001858
000001954
000002711
000002338
000000448
000001570
