000002768
000000800
000000576
000000064
000001615
000001024
000001647
000001423
000000096
000001583
000001807
000001088
000001711
000000704
000000640
000000960
000000032
000000768
000000128
000000192
000003024
000000160
000000672
000001167
000000288
000002928
000001120
000002960
000001775
000001839
000000384
000001679
000000512
000002864
000001056
000000896
000002896
000001551
000001199
000000608
000002211
000000480
000000736
000001871
000000352
000003056
000002832
000002095
000001231
000002063
000001359
000000416
000000928
000001487
000002800
000001935
000001327
000001967
000002179
000000320
000000000
000001295
000000992
000001903
000001743
000001455
000002992
000002127
000001999
000000256
000001391
000000544
000000224
000002031
000000832
000001263
000000864
000001519
000000448
