000000800
000002650
000000576
000000064
000001312
000002362
000002586
000001024
000001344
000000096
000001088
000000704
000000640
000000960
000002810
000000032
000002298
000000768
000000128
000000192
000000160
000000672
000000288
000001152
000001120
000002714
000001376
000000384
000000512
000002394
000002522
000002330
000001216
000002426
000001184
000001056
000000896
000000608
000002778
000002842
000002458
000000480
000000736
000000352
000000416
000002906
000000928
000002490
000002746
000000320
000002618
000000000
000000992
000002682
000000256
000000544
000000224
000000832
000001248
000002874
000001280
000000864
000002554
000000448
