000001524
000002420
000000800
000002132
000001876
000002388
000001780
000002644
000000576
000000064
000001236
000001332
000001204
000001024
000000096
000001088
000001652
000000704
000000640
000000960
000001684
000002260
000001716
000002004
000000032
000000768
000000128
000000192
000000160
000000672
000000288
000001152
000001428
000001908
000001492
000001120
000002516
000002484
000000384
000002292
000001396
000000512
000002164
000002676
000002036
000001056
000000896
000001268
000001556
000000608
000002324
000002068
000001940
000001972
000000480
000000736
000000352
000002580
000001460
000000416
000000928
000001620
000001812
000002100
000002452
000000320
000000000
000000992
000002548
000000256
000001844
000000544
000000224
000000832
000001588
000000864
000002228
000001748
000002196
000002612
000001364
000001300
000002356
000000448
