000000800
000000576
000000064
000001464
000001024
000001656
000000096
000001088
000000704
000000640
000000960
000000032
000000768
000000128
000000192
000001592
000000160
000000672
000000288
000001152
000001120
000001752
000000384
000001496
000001336
000001432
000000512
000001624
000001056
000000896
000000608
000000480
000000736
000000352
000001304
000000416
000001528
000000928
000001688
000000320
000001368
000000000
000000992
000001560
000000256
000000544
000000224
000000832
000001720
000000864
000000448
000001400
