000000800
000001334
000000576
000000064
000001024
000001611
000001462
000000096
000001547
000001088
000000704
000000640
000000960
000001430
000000032
000000768
000000128
000001366
000000192
000001174
000000160
000000672
000000288
000000384
000000512
000001579
000001056
000000896
000001270
000001643
000000608
000000480
000000736
000000352
000000416
000000928
000000320
000000000
000000992
000000256
000000544
000000224
000001238
000001142
000000832
000001206
000000864
000001398
000001494
000001302
000000448
