000000800
000002585
000001081
000001209
000001433
000000576
000000064
000002393
000002297
000001657
000001049
000000096
000000704
000000640
000001465
000000032
000000768
000002201
000001113
000001913
000000128
000001305
000001625
000000192
000001177
000000160
000000672
000001401
000002169
000000288
000002137
000002425
000000384
000000512
000001369
000001017
000001241
000002553
000000896
000002361
000001337
000002489
000002329
000001593
000000608
000001273
000001561
000002009
000002521
000001497
000000480
000000736
000002041
000000352
000001945
000000985
000002073
000001529
000002457
000002265
000000416
000001785
000001849
000000320
000000000
000002105
000000256
000002233
000001145
000000544
000000224
000001689
000000832
000001817
000001881
000001721
000000864
000000950
000001977
000001753
000000448
