000000800
000001546
000002378
000002644
000001098
000000576
000000064
000001258
000001322
000002506
000001162
000000096
000000704
000000640
000000960
000000032
000000768
000001034
000000128
000000192
000001770
000000160
000001866
000000672
000000288
000001802
000002900
000002804
000002410
000001994
000001130
000000384
000001930
000000512
000001194
000001514
000002676
000001706
000002442
000002026
000002058
000000896
000001482
000002314
000000608
000001354
000001674
000002868
000002282
000000480
000000736
000001898
000000352
000001834
000002474
000002580
000001610
000001738
000000416
000001002
000000928
000002708
000001642
000002740
000002538
000001578
000002186
000001386
000000320
000000000
000001066
000001962
000002772
000001450
000002154
000000256
000002122
000002090
000002218
000002346
000000544
000000224
000002250
000001418
000000832
000002836
000000864
000001290
000002612
000001226
000000448
