000000800
000002592
000001760
000003168
000001792
000002464
000001600
000002688
000000576
000000064
000001312
000002880
000002336
000001024
000001344
000001472
000002272
000002752
000001536
000000096
000002080
000003456
000001088
000001632
000000704
000000640
000002496
000000960
000000032
000000768
000002976
000002112
000000128
000002528
000000192
000000160
000001568
000003296
000002304
000000672
000000288
000003360
000001152
000002016
000001952
000001120
000001984
000001376
000000384
000000512
000003328
000003392
000002144
000002656
000001216
000002368
000001184
000001696
000001856
000001056
000000896
000002048
000003232
000001504
000000608
000003264
000001888
000000480
000000736
000000352
000003072
000002560
000002176
000002912
000001920
000002432
000000416
000002816
000001664
000000928
000003424
000001824
000002240
000003136
000002400
000003200
000000320
000002624
000002720
000000000
000000992
000003040
000002848
000000256
000001408
000000544
000000224
000000832
000001440
000001248
000003008
000001280
000001728
000000864
000003104
000002944
000002784
000002208
000000448
