000000800
000000982
000001644
000001334
000000576
000000064
000001548
000001900
000001836
000001868
000000096
000001484
000001708
000000704
000000640
000002070
000001580
000000032
000000768
000000128
000000192
000001174
000000160
000000672
000000288
000001078
000001772
000000384
000000512
000001452
000001932
000000896
000001270
000000608
000000480
000000736
000000352
000000416
000000928
000002038
000000320
000000000
000001676
000001964
000000256
000001516
000000544
000000224
000001238
000001142
000001804
000001046
000000832
000001110
000002006
000001740
000001206
000000864
000001014
000001612
000001302
000000448
