000001723
000000385
000002651
000003259
000002139
000001883
000001755
000000886
000000982
000003035
000001334
000002907
000000630
000000064
000002011
000001595
000002459
000000854
000000790
000000694
000001787
000002427
000001979
000001462
000003486
000000096
000000726
000003582
000000918
000002619
000001430
000000032
000002587
000000128
000003454
000001366
000000192
000001174
000003326
000000437
000002715
000000160
000002779
000001851
000000288
000002203
000001078
000002395
000001627
000003195
000002043
000003294
000001526
000001819
000002363
000002267
000002075
000002107
000001270
000000758
000000598
000002683
000001947
000003003
000000566
000003646
000002971
000000352
000002171
000002299
000000662
000003614
000003163
000003422
000003099
000001691
000003131
000003518
000002843
000002875
000000320
000000000
000003390
000000256
000000224
000001238
000001142
000001046
000002811
000003067
000002747
000001659
000002939
000001110
000003358
000003678
000002235
000001206
000000950
000001014
000000822
000001915
000002331
000001558
000003227
000001398
000003550
000001494
000001302
000002555
000002523
000002491
