000001723
000001755
000000942
000000064
000001422
000001595
000000846
000001070
000000653
000000524
000000096
000000428
000000032
000000878
000000556
000000128
000000192
000000160
000000910
000000288
000001006
000000492
000001102
000001294
000001627
000001358
000000814
000000782
000001230
000001496
000001390
000000460
000000396
000001326
000001038
000001166
000000685
000000352
000000974
000001528
000001134
000001691
000000620
000001198
000000320
000001563
000000000
000000750
000000588
000000256
000000718
000001454
000000224
000001659
000001262
