000002245
000001157
000001989
000000064
000001797
000001893
000001701
000001413
000001253
000000933
000000549
000000096
000002405
000000965
000000032
000000901
000000128
000000192
000001189
000000160
000001445
000000288
000001541
000001093
000002437
000001061
000001733
000000384
000002341
000000997
000002181
000000837
000002053
000001221
000001637
000001573
000001669
000000453
000001285
000002309
000000352
000002373
000000677
000000645
000002085
000000416
000001957
000002117
000000741
000001029
000000581
000000613
000001317
000000485
000001925
000002213
000002149
000000320
000000000
000001605
000001861
000001125
000000256
000001509
000000869
000000224
000001381
000001349
000000773
000000517
000001477
000002277
000002021
000001765
000001829
000000709
000000805
