000000800
000000576
000000064
000001797
000001893
000001378
000001090
000000096
000001122
000001218
000000704
000001474
000000640
000000960
000000032
000000768
000001314
000001762
000000128
000000192
000000160
000000672
000000288
000001282
000001730
000000384
000001058
000000512
000000896
000001186
000000608
000000480
000000736
000001602
000000352
000002063
000000416
000000928
000001154
000001442
000001925
000001967
000001538
000000320
000001666
000001250
000000000
000000992
000001698
000001506
000001861
000001999
000001346
000000256
000001410
000000544
000000224
000002031
000001634
000000832
000000864
000001829
000001026
000000448
000001570
