000000800
000002592
000001760
000001792
000002464
000001600
000002688
000000576
000000064
000001312
000002880
000003841
000002336
000003361
000001024
000003201
000001344
000001472
000002272
000002752
000001536
000000096
000002080
000001088
000001632
000000704
000000640
000003233
000002496
000000960
000003585
000000032
000000768
000002976
000002112
000000128
000002528
000000192
000003745
000000160
000001568
000002304
000000672
000000288
000001152
000002016
000001952
000001120
000001984
000003393
000001376
000000384
000003457
000003713
000000512
000002144
000002656
000001216
000002368
000001184
000003297
000001696
000001856
000001056
000003809
000000896
000003521
000002048
000001504
000000608
000003265
000003777
000001888
000000480
000000736
000000352
000003072
000002560
000002176
000002912
000003425
000001920
000002432
000000416
000002816
000001664
000000928
000001824
000002240
000003489
000002400
000000320
000002624
000002720
000000000
000000992
000003040
000002848
000003617
000003553
000003873
000000256
000001408
000003649
000000544
000000224
000003137
000000832
000001440
000001248
000003008
000003105
000001280
000001728
000000864
000003329
000003169
000002944
000003681
000002784
000002208
000000448
