000001546
000001098
000000064
000001258
000001322
000001162
000000714
000000096
000000842
000000938
000000032
000001034
000000128
000000970
000000192
000001770
000000160
000000288
000000906
000000650
000001130
000000384
000000512
000001194
000001514
000001706
000001482
000001354
000001674
000000810
000000480
000000586
000000352
000000778
000000746
000001610
000001738
000000416
000001002
000001642
000000874
000001578
000001386
000000320
000000000
000001066
000001450
000000256
000000544
000000224
000001418
000000618
000001290
000001226
000000682
000000448
