000000738
000002178
000000064
000001378
000000610
000000770
000001090
000000962
000000096
000001122
000001218
000001474
000000514
000000032
000001314
000001762
000000128
000000192
000001922
000000160
000001986
000000288
000001282
000002082
000000546
000001730
000000578
000000482
000000834
000000384
000001058
000000802
000001826
000002146
000000706
000002402
000002050
000001186
000000898
000000642
000002370
000002242
000002274
000001602
000000352
000001890
000000994
000002306
000000930
000000416
000001154
000002210
000001442
000001538
000000320
000001666
000001250
000000000
000001698
000002114
000001506
000001346
000000256
000001410
000000224
000001634
000002018
000000866
000000674
000001794
000001026
000001858
000001954
000002338
000000448
000001570
