000002215
000001735
000000064
000003271
000000775
000001639
000002471
000001767
000002663
000002183
000003591
000002727
000000711
000003175
000003463
000003367
000003751
000002375
000000096
000000487
000000839
000002407
000002055
000001287
000002439
000000903
000001895
000003143
000003495
000001031
000003399
000000032
000003847
000003047
000001927
000000128
000000192
000001511
000003431
000000160
000001799
000003335
000000288
000001095
000000935
000002311
000002087
000002567
000002759
000003687
000001959
000000647
000000384
000002247
000001575
000001063
000003815
000003239
000001351
000002279
000003207
000003527
000001607
000001255
000001863
000000551
000002695
000001671
000003879
000000999
000003655
000003079
000001159
000002855
000000352
000002823
000001319
000000871
000003623
000002887
000003719
000000519
000002631
000003303
000001191
000000615
000001831
000000967
000002599
000001127
000003559
000003783
000001223
000001447
000000320
000001383
000000583
000000000
000000807
000002951
000002343
000000256
000002119
000000679
000000224
000001415
000002023
000002535
000002503
000001479
000003015
000003111
000002791
000001703
000000743
000002983
000002151
000001543
000002919
000001991
