000000883
000001845
000001081
000001209
000000752
000001475
000000064
000001980
000002044
000002076
000002375
000000096
000001675
000000032
000000528
000001113
000000128
000001539
000001305
000000192
000001177
000000720
000000160
000001401
000001914
000000464
000000787
000002108
000000947
000001369
000000656
000002333
000000688
000001241
000001643
000001337
000000819
000002172
000001273
000000560
000001749
000002237
000001507
000000979
000000432
000002205
000000496
000001946
000002140
000001571
000001813
000002012
000000915
000000000
000000592
000000851
000000256
000001145
000001781
000000224
000001717
000001882
000001048
000001011
000002269
000000624
000002301
000000400
