000001649
000000800
000001361
000000576
000000064
000001070
000000096
000000704
000000640
000001393
000000960
000001585
000000032
000000768
000000128
000000192
000001713
000000160
000000672
000000288
000001617
000001457
000000384
000000512
000000896
000000608
000001104
000001681
000000480
000000736
000001329
000000352
000001200
000001232
000000416
000001521
000000928
000001168
000001553
000000320
000000000
000000992
000001035
000001489
000000256
000001136
000000544
000000224
000001297
000000832
000000864
000001425
000001265
000000448
