000001546
000001098
000000576
000000064
000001258
000001322
000001162
000000096
000000842
000000704
000000640
000000938
000000032
000001034
000000128
000000970
000000192
000000160
000000672
000000288
000000906
000001130
000000384
000000512
000001194
000001514
000001482
000000608
000001354
000000810
000000480
000000736
000000352
000000778
000000416
000001002
000000874
000001578
000001386
000000320
000000000
000001066
000001450
000000256
000000544
000000224
000001418
000001290
000001226
000000448
