000002420
000002132
000002388
000002644
000000576
000000064
000000096
000000704
000000640
000002260
000000032
000000768
000000128
000000192
000000160
000000672
000000288
000002900
000002804
000002516
000002484
000000384
000002292
000000512
000002164
000002676
000000608
000002324
000002868
000000480
000000736
000000352
000002580
000000416
000002708
000002100
000002740
000002452
000000320
000000000
000002548
000002772
000000256
000000544
000000224
000002836
000002228
000002196
000002612
000002356
000000448
