000000800
000001760
000002378
000001792
000001600
000000576
000000064
000001312
000001024
000002506
000001344
000001472
000002570
000001536
000000096
000001088
000001632
000000704
000000640
000000960
000000032
000000768
000000128
000000192
000000160
000001568
000000672
000000288
000001152
000001120
000002410
000001994
000001376
000000384
000001930
000000512
000001216
000001184
000002442
000001696
000001856
000002026
000001056
000002058
000000896
000002314
000001504
000000608
000002282
000000480
000000736
000001898
000000352
000002474
000000416
000001664
000000928
000002538
000001824
000002186
000000320
000000000
000000992
000001962
000002154
000000256
000001408
000002122
000002090
000002218
000002346
000000544
000000224
000002250
000000832
000001440
000001248
000001280
000001728
000000864
000000448
