000000800
000001546
000000576
000000064
000001258
000001024
000001322
000001162
000000096
000001088
000000704
000000640
000000960
000000032
000000768
000000128
000000192
000001770
000000160
000001866
000000672
000000288
000001802
000001994
000001130
000000384
000001930
000000512
000001194
000001514
000001706
000002026
000001056
000002058
000000896
000001482
000000608
000001354
000001674
000000480
000000736
000001898
000000352
000001834
000001610
000001738
000000416
000000928
000001642
000001578
000002186
000001386
000000320
000000000
000000992
000001962
000001450
000002154
000000256
000002122
000002090
000002218
000000544
000000224
000002250
000001418
000000832
000000864
000001290
000001226
000000448
