000000800
000002562
000001249
000002178
000001217
000000576
000000064
000001441
000001024
000000096
000002594
000001088
000001153
000000704
000000640
000000960
000001473
000000032
000000768
000001762
000000128
000000192
000001922
000000160
000001986
000000672
000001537
000000288
000002530
000002082
000001120
000001730
000002466
000001569
000000384
000000512
000001826
000001056
000002146
000000896
000002498
000002402
000002050
000002434
000002722
000000608
000002370
000002626
000002242
000002658
000002274
000000480
000000736
000001602
000000352
000001281
000001890
000002306
000001345
000000416
000000928
000002210
000002690
000001313
000000320
000001666
000000000
000000992
000001505
000001698
000002114
000000256
000000544
000000224
000001634
000001409
000002018
000000832
000001185
000000864
000001794
000001377
000001858
000001954
000002338
000000448
