000000800
000001989
000000576
000000064
000001312
000001797
000001893
000001701
000001024
000000096
000001088
000000704
000000640
000000960
000000032
000000768
000000128
000000192
000001419
000000160
000000672
000000288
000001541
000001152
000001120
000001733
000000384
000000512
000001216
000001184
000002053
000001056
000000896
000001637
000000608
000001573
000001669
000000480
000000736
000001355
000000352
000002085
000000416
000001957
000000928
000001925
000000320
000000000
000000992
000001387
000001605
000001861
000000256
000001509
000000544
000000224
000000832
000001248
000001280
000000864
000002021
000001765
000001829
000000448
