000000800
000002558
000001760
000002846
000001792
000001600
000002526
000000576
000000064
000001312
000003038
000001024
000002814
000001344
000001472
000002494
000001536
000000096
000002080
000002590
000001088
000002622
000001632
000000704
000000640
000000960
000003070
000000032
000000768
000002112
000000128
000000192
000000160
000001568
000000672
000000288
000001152
000002016
000001952
000002430
000001120
000001984
000002942
000002302
000001376
000000384
000000512
000002144
000001216
000001184
000001696
000001856
000001056
000000896
000002048
000002974
000001504
000000608
000001888
000002398
000000480
000000736
000000352
000002176
000001920
000000416
000001664
000002654
000000928
000002334
000002270
000002366
000001824
000002718
000000320
000000000
000000992
000002686
000000256
000002910
000001408
000002782
000000544
000000224
000000832
000001440
000001248
000001280
000001728
000000864
000002462
000003006
000000448
000002878
000002750
