000000800
000002245
000001600
000001989
000000576
000000064
000001312
000002936
000001797
000001893
000001701
000001024
000002968
000001344
000001472
000001536
000000096
000002352
000001088
000001632
000000704
000000640
000000960
000000032
000000768
000000128
000000192
000000160
000001568
000000672
000002872
000000288
000001152
000001120
000002744
000002680
000003032
000001733
000001376
000000384
000000512
000002181
000001216
000001184
000002053
000001056
000002416
000000896
000001504
000000608
000000480
000000736
000003000
000002776
000000352
000002320
000002085
000002448
000000416
000002512
000001957
000002117
000000928
000002808
000002840
000002712
000002384
000001925
000002213
000002149
000000320
000001666
000002904
000000000
000000992
000002544
000001861
000000256
000001408
000000544
000000224
000000832
000001440
000001248
000001280
000002576
000000864
000002277
000002480
000002021
000001765
000001829
000002608
000000448
