000001096
000000904
000000680
000000776
000001512
000000064
000001864
000001000
000000096
000001192
000000424
000000808
000000840
000000032
000001896
000001544
000000128
000001832
000000192
000001961
000000160
000000288
000001256
000001736
000001416
000000616
000000392
000001993
000001480
000000648
000001064
000001704
000000936
000001768
000000352
000001672
000001928
000001288
000000520
000000712
000000320
000000456
000001320
000000000
000001224
000000744
000000256
000001800
000001608
000000968
000000224
000001576
000001640
000001128
000001032
000000488
000000552
000001352
000001448
000000872
000001160
000000584
000001384
