000002897
000003633
000000800
000003761
000001600
000000576
000000064
000001312
000005073
000004273
000005297
000003377
000001024
000004145
000003313
000001344
000001472
000004465
000004113
000001536
000003537
000002449
000000096
000002161
000001088
000001632
000000704
000000640
000005105
000005329
000005393
000002929
000002417
000000960
000002129
000004849
000000032
000000768
000001870
000000128
000004081
000000192
000002769
000000160
000001568
000002481
000000672
000004241
000000288
000001152
000002961
000001120
000004689
000005137
000001838
000005009
000003281
000001376
000000384
000003249
000002737
000000512
000002801
000003825
000003921
000004913
000004721
000003345
000001216
000002609
000001184
000002993
000003697
000001696
000002577
000001056
000000896
000003441
000005201
000002225
000001806
000003569
000004753
000004209
000003057
000004625
000001504
000000608
000004049
000002865
000002257
000004529
000002673
000003473
000004433
000002289
000000480
000000736
000000352
000005041
000004785
000004305
000002065
000003985
000005233
000004657
000002705
000004369
000001774
000000416
000004881
000001664
000000928
000001902
000003729
000005265
000002641
000003665
000005169
000003089
000001935
000002097
000001967
000003025
000004977
000000320
000000000
000000992
000004401
000003601
000001999
000002513
000000256
000001408
000002833
000003121
000004945
000003153
000000544
000000224
000004817
000004017
000002031
000000832
000001440
000004177
000001248
000003185
000002353
000003217
000001731
000001280
000003793
000002385
000004497
000004593
000000864
000004337
000003953
000002193
000004561
000002545
000003409
000003857
000003889
000005361
000000448
000003505
000002321
