000001795
000000515
000001475
000000064
000000931
000001411
000000771
000002243
000001379
000000579
000000096
000001251
000002307
000001187
000000032
000000899
000000417
000000128
000001539
000000192
000000675
000000160
000000288
000002275
000001827
000001763
000000384
000001955
000001155
000000995
000001059
000000451
000002083
000001699
000000835
000001667
000001859
000001027
000002211
000002339
000000352
000001987
000002051
000001507
000000611
000002019
000001635
000001123
000000707
000002147
000001891
000001571
000001283
000002179
000000320
000001315
000000000
000000963
000002403
000001219
000000739
000000803
000001091
000000867
000000256
000001443
000000224
000001603
000002115
000001731
000000643
000001923
000001347
000002371
000000547
000000483
