000000884
000001524
000000500
000000564
000001076
000000340
000000064
000001012
000001236
000001332
000002358
000000916
000001204
000002806
000000468
000000852
000002390
000000096
000002454
000002422
000001652
000002710
000002902
000000032
000002486
000001108
000000128
000000192
000000160
000002934
000001428
000000308
000000820
000001492
000002678
000000372
000000660
000002870
000000596
000000628
000001396
000000788
000000980
000001268
000001556
000002614
000000404
000002326
000002742
000000756
000001140
000001044
000001460
000001620
000002294
000000436
000000532
000000000
000002838
000000256
000001172
000000224
000000948
000002518
000002550
000000724
000002646
000002966
000001588
000002582
000001364
000001300
000000692
000002774
