000001524
000000800
000001076
000000576
000000064
000001236
000001332
000001204
000000962
000000096
000000704
000000640
000000032
000000768
000001108
000000128
000000192
000000160
000000672
000000288
000001428
000001492
000000384
000001396
000000512
000000896
000001268
000001556
000000608
000000480
000000736
000000352
000001140
000000994
000001460
000000416
000000928
000001620
000000320
000000000
000000256
000001172
000000544
000000224
000000832
000001032
000001588
000000864
000001364
000001300
000000448
