000000800
000001600
000000576
000000064
000001312
000001850
000001024
000001344
000001472
000001536
000000096
000002042
000001088
000001632
000000704
000000640
000000960
000002170
000000032
000000768
000000128
000000192
000000160
000001568
000000672
000001914
000000288
000001152
000002074
000001120
000001376
000000384
000002234
000000512
000001216
000001184
000001696
000001056
000001754
000001818
000000896
000001504
000000608
000001978
000000480
000000736
000000352
000000416
000001664
000000928
000001786
000001946
000002106
000002202
000000320
000000000
000000992
000000256
000001408
000002266
000000544
000000224
000000832
000001440
000001248
000001280
000001882
000002010
000002138
000000864
000000448
