000000800
000001106
000000576
000000064
000001522
000001680
000000096
000001202
000001362
000000704
000000640
000000032
000000768
000001744
000000128
000001298
000000192
000000160
000000672
000000288
000001170
000001458
000000384
000001234
000000512
000001648
000000896
000001554
000000608
000000480
000000736
000000352
000001616
000001394
000000416
000001010
000000928
000001138
000001266
000000320
000000000
000001712
000001490
000001074
000000256
000000544
000001330
000000224
000001426
000000832
000000864
000001042
000000448
