000001380
000000932
000002027
000000964
000000064
000004011
000004811
000003115
000003147
000000708
000004043
000001572
000005323
000003979
000002891
000004267
000000096
000000516
000002123
000004939
000000676
000002731
000002795
000003051
000004139
000005163
000005067
000001316
000000032
000002283
000002635
000003755
000002571
000002955
000002443
000000128
000002507
000003403
000000192
000001508
000001540
000003179
000001931
000000160
000004747
000004651
000001092
000003083
000000288
000004715
000002251
000003851
000003531
000004171
000005227
000002315
000000996
000003499
000004875
000002187
000002987
000000384
000003563
000001220
000002475
000000644
000002539
000000772
000004843
000004107
000003595
000004427
000002091
000001604
000003339
000001028
000002923
000001995
000001963
000004907
000002155
000004395
000000740
000003787
000004587
000003307
000005131
000000900
000003275
000001476
000002699
000000868
000003883
000000352
000003371
000001252
000000612
000000420
000000804
000003691
000003627
000004683
000003659
000005035
000004555
000001803
000001707
000004331
000001899
000001739
000003211
000004203
000004619
000001348
000002667
000003435
000002827
000004363
000003467
000000320
000001771
000000000
000001412
000001636
000005099
000004779
000000548
000000836
000003723
000005195
000003819
000001124
000001188
000001867
000002603
000004523
000000256
000003243
000004235
000001284
000001444
000000224
000001060
000003019
000001668
000000484
000000452
000005003
000004491
000000580
000004971
000004459
000002379
000001835
000003915
000004075
000002059
000002219
000002763
000002411
000002347
000005259
000003947
000002859
000004299
000005291
000001156
