000000800
000002027
000001098
000000576
000000064
000001611
000001162
000001323
000000096
000001547
000002123
000000704
000000640
000001675
000001451
000000938
000000032
000000768
000002283
000001034
000000128
000000970
000000192
000001419
000001931
000000160
000000672
000000288
000002251
000000906
000002315
000001130
000002187
000000384
000001515
000000512
000001579
000001194
000002091
000001643
000001995
000001963
000002155
000000608
000000480
000000736
000001355
000000352
000000416
000001002
000001803
000001259
000001707
000001899
000001739
000000320
000001771
000001291
000001483
000000000
000001066
000001387
000001867
000000256
000000544
000000224
000000832
000001835
000000864
000002059
000002219
000002347
000001226
000000448
