000001499
000001723
000002215
000000889
000001081
000001209
000000064
000001595
000002471
000001531
000002183
000000633
000001049
000000569
000002375
000000096
000002407
000002055
000002439
000000793
000000032
000000825
000001113
000000128
000001305
000000953
000000192
000001177
000000160
000001401
000002311
000002087
000001756
000001627
000000345
000002247
000001369
000000729
000001017
000001241
000002279
000001916
000001788
000001337
000001273
000001435
000000985
000000377
000001884
000000473
000000857
000000441
000001691
000001852
000001958
000001563
000000000
000000761
000000537
000001467
000002343
000002623
000000256
000001145
000000921
000002119
000000409
000000224
000002023
000000505
000001659
000000697
000000313
000000665
000002151
000000601
000001820
000001991
