000001380
000000738
000000064
000000931
000001797
000001701
000001572
000000610
000000770
000000096
000001251
000001187
000001316
000000032
000000899
000000128
000000192
000001508
000001540
000000160
000000288
000000546
000000578
000000834
000001733
000000384
000000512
000001155
000000995
000001059
000000802
000000706
000001637
000001027
000000642
000001669
000001476
000000480
000000352
000000416
000001123
000001348
000000320
000000000
000000963
000001412
000001219
000001605
000001091
000000867
000000256
000001284
000001444
000000224
000000674
000001765
000000448
