000001118
000000478
000001406
000001438
000000670
000000222
000001214
000001022
000000318
000000958
000000158
000001342
000001278
000001246
000001054
000001630
000000382
000000032
000001534
000000798
000000286
000000702
000001566
000000414
000000542
000000254
000000510
000000830
000000734
000000926
000000126
000001662
000000094
000000894
000001502
000000190
000000766
000000990
000000574
000001470
000001374
000001086
000000000
000001182
000001598
000001150
000000350
000000606
000000446
000000862
000000638
000001310
