000000800
000000576
000000064
000001024
000001343
000000096
000001088
000001567
000000704
000000640
000001599
000000960
000000032
000000768
000000128
000000192
000000160
000000672
000000288
000001152
000001120
000000384
000001375
000000512
000001216
000001184
000001056
000000896
000000608
000001631
000000480
000000736
000000352
000001439
000000416
000000928
000001311
000000320
000000000
000000992
000001471
000000256
000001503
000000544
000000224
000000832
000001407
000000864
000001535
000001663
000000448
