000000800
000000576
000000064
000001441
000001024
000000096
000001088
000000704
000000640
000000960
000000032
000000768
000001678
000000128
000000192
000000160
000000672
000000288
000001152
000001120
000000384
000001710
000000512
000001216
000001184
000001056
000000896
000001493
000000608
000001582
000000480
000000736
000000352
000001281
000001345
000000416
000000928
000001313
000001614
000001742
000000320
000000000
000000992
000000256
000000544
000000224
000001409
000001646
000000832
000001248
000000864
000001377
000000448
