000001157
000000064
000001413
000001253
000000933
000000096
000000965
000000032
000000901
000000128
000000192
000001189
000000160
000001445
000000288
000001541
000001093
000001061
000000384
000000512
000000997
000000837
000001221
000001637
000001573
000001669
000001285
000000480
000000352
000000677
000000645
000000416
000000741
000001029
000000581
000000613
000001317
000000320
000000000
000001605
000001125
000000256
000001509
000000869
000000544
000000224
000001381
000001349
000000773
000001477
000000709
000000805
000000448
