000000816
000000752
000000064
000002806
000001657
000002047
000001488
000001328
000000096
000002454
000002710
000001392
000001360
000001296
000001008
000000032
000002486
000000528
000000128
000000192
000000976
000000720
000001759
000000160
000001823
000001983
000000288
000001791
000002678
000000784
000001951
000002870
000000384
000000656
000002313
000000688
000001887
000002409
000002015
000002614
000001104
000000560
000002742
000001584
000000352
000001200
000002239
000001232
000001616
000000416
000000880
000001168
000002271
000001855
000002175
000000496
000002111
000002345
000002377
000001727
000002079
000001552
000000320
000000000
000000944
000001040
000000592
000001695
000001424
000002838
000001456
000000256
000001136
000001919
000000848
000002207
000000224
000002518
000002550
000001520
000002646
000002143
000000624
000000912
000002582
000001072
000001264
000000448
000002774
