000001372
000001500
000000576
000000064
000001180
000001564
000000096
000000842
000000704
000000640
000001212
000001809
000000938
000000032
000000128
000000970
000000192
000001713
000000160
000000672
000000288
000000906
000001148
000000384
000001276
000000512
000001777
000001468
000001308
000001628
000000608
000000810
000000480
000000736
000000352
000001532
000000778
000000416
000001002
000001340
000000874
000001660
000000320
000000000
000001244
000000256
000001436
000000544
000000224
000001745
000001404
000001596
000000448
