000000576
000000064
000002224
000001904
000001488
000002192
000001680
000001328
000000096
000000640
000001392
000001360
000001296
000001008
000000032
000001936
000001744
000000128
000000192
000000976
000000160
000000672
000002160
000000288
000002064
000002128
000000384
000000512
000001648
000001776
000000608
000001104
000000480
000001808
000001584
000000352
000001200
000001232
000001616
000000416
000002096
000001168
000001872
000001552
000000320
000000000
000001712
000000944
000001040
000001424
000001456
000002032
000000256
000001136
000001968
000000544
000000224
000001840
000001520
000002256
000002000
000001072
000001264
000000448
