000000800
000000576
000000064
000001111
000001850
000001657
000001047
000001559
000000096
000000704
000000640
000001463
000000032
000000768
000001271
000001239
000001175
000000128
000000192
000000160
000000672
000001914
000000288
000001303
000001591
000000384
000001527
000000512
000001754
000001818
000000608
000001978
000001495
000000480
000000736
000001623
000000352
000001143
000001399
000001207
000000416
000000880
000001015
000001786
000001946
000000951
000001335
000000320
000000000
000001431
000000256
000000544
000000224
000001689
000000832
000001079
000000919
000001882
000002010
000001721
000001367
000000983
000000448
