000003154
000000800
000002669
000001760
000001792
000001600
000000576
000000064
000001312
000002573
000002605
000002509
000003009
000001024
000002701
000001344
000001472
000002977
000002945
000003250
000002049
000001536
000000096
000001088
000002113
000001632
000000704
000000640
000000960
000002810
000000032
000000768
000000128
000000192
000002273
000000160
000001568
000000672
000000288
000001152
000002081
000001952
000001120
000002741
000001984
000001376
000000384
000000512
000003218
000002017
000001216
000001184
000001696
000001856
000001056
000002177
000000896
000002145
000001504
000000608
000002778
000002541
000001888
000000480
000000736
000000352
000002305
000001920
000000416
000001664
000000928
000001824
000002843
000002241
000000320
000000000
000000992
000002637
000000256
000003186
000001408
000002477
000003085
000000544
000000224
000003041
000000832
000001440
000001248
000001280
000002209
000001728
000000864
000000448
