000002165
000002037
000001845
000002069
000000670
000000064
000001333
000001173
000001461
000002005
000002851
000001653
000000096
000002499
000002307
000000821
000001365
000001045
000000917
000002197
000000032
000001237
000001941
000000128
000000192
000000160
000001141
000000288
000000702
000002467
000002275
000002133
000001429
000002723
000001397
000002595
000001109
000002101
000001973
000001525
000002563
000000853
000001909
000001493
000000734
000001621
000001749
000002339
000000352
000002755
000000885
000001269
000000981
000002819
000000766
000001013
000000574
000002435
000001205
000001813
000002691
000000320
000000000
000002403
000000949
000001557
000001301
000000256
000002787
000002627
000000606
000001781
000000224
000001877
000001717
000003019
000001589
000002659
000002531
000002371
000001077
000000638
000001685
