000000932
000000964
000001486
000000064
000001422
000000708
000000096
000000516
000000676
000000032
000001678
000000128
000000192
000000160
000001092
000001294
000001358
000000996
000001230
000001710
000001390
000000644
000000772
000001806
000001028
000001326
000001518
000000740
000000900
000001582
000000868
000000388
000000612
000000420
000000804
000001774
000001614
000001742
000000000
000000548
000000836
000001124
000001188
000001550
000000256
000001454
000000224
000001060
000001646
000000484
000000452
000000580
000001262
000001156
