000000800
000002651
000003259
000003035
000002907
000000576
000000064
000001312
000002382
000001024
000001344
000001472
000001536
000000096
000002414
000001088
000002062
000001880
000001652
000000704
000000640
000000960
000001684
000002619
000001716
000000032
000000768
000002587
000000128
000000192
000002715
000000160
000002779
000000672
000000288
000001152
000001120
000001752
000003389
000003291
000003195
000001848
000002190
000001376
000000384
000000512
000001216
000001184
000001056
000000896
000002254
000001504
000002683
000000608
000003003
000002158
000003453
000000480
000000736
000002971
000000352
000003421
000000416
000003163
000000928
000001620
000003099
000002286
000001816
000003131
000002126
000002843
000002875
000000320
000000000
000000992
000002446
000002350
000000256
000001408
000000544
000000224
000001784
000000832
000002811
000001440
000001248
000002094
000003067
000002222
000002747
000003517
000002939
000001280
000003323
000003485
000003355
000001588
000000864
000003227
000002555
000002318
000002523
000002491
000000448
