000000800
000002899
000002558
000001760
000003196
000001792
000003388
000001600
000002526
000000576
000000064
000001312
000002739
000001024
000001344
000001472
000002272
000003100
000002707
000002494
000001536
000000096
000002080
000002590
000003356
000001088
000002622
000001632
000000704
000000640
000000960
000002965
000000032
000000768
000002112
000000128
000000192
000000160
000001568
000000672
000000288
000001152
000002016
000003007
000001952
000002430
000001120
000001984
000001376
000000384
000000512
000002144
000003420
000001216
000001184
000001696
000001856
000001056
000002835
000000896
000002048
000001504
000000608
000002933
000003164
000001888
000002398
000000480
000000736
000000352
000002176
000001920
000000416
000001664
000000928
000002771
000003260
000001824
000002240
000003292
000000320
000000000
000000992
000002675
000003228
000000256
000001408
000000544
000000224
000002803
000000832
000001440
000001248
000001280
000001728
000000864
000003324
000002462
000002867
000003132
000002208
000000448
