000000800
000002102
000000576
000000064
000001312
000002358
000001441
000001024
000001344
000002390
000000096
000002454
000002422
000001088
000000704
000001474
000000640
000002070
000000960
000002198
000000032
000000768
000001762
000000128
000000192
000001942
000000160
000000672
000001974
000000288
000001152
000001120
000001730
000001376
000000384
000000512
000001216
000001184
000001826
000001056
000000896
000000608
000002326
000002166
000002230
000000480
000000736
000001602
000000352
000000416
000000928
000002038
000002294
000001538
000000320
000001666
000000000
000000992
000001698
000001506
000000256
000000544
000000224
000002134
000001634
000001409
000000832
000001248
000001910
000001280
000002006
000000864
000001794
000001858
000002262
000000448
000001570
