000000800
000002132
000000576
000000064
000001024
000001378
000000096
000001088
000001218
000000704
000001474
000000640
000000960
000000032
000000768
000001314
000001762
000000128
000000192
000001922
000000160
000001986
000000672
000000288
000001152
000001282
000001120
000001730
000000384
000000512
000002164
000001826
000001056
000000896
000002050
000001186
000000608
000000480
000000736
000001602
000000352
000001890
000000416
000000928
000001442
000001538
000000320
000001666
000001250
000000000
000000992
000001698
000001506
000001346
000000256
000001410
000000544
000000224
000001634
000002018
000000832
000000864
000002228
000001794
000001858
000001954
000002196
000000448
000001570
