000001380
000000800
000001883
000000964
000000576
000000064
000001572
000000096
000000704
000000640
000001700
000001316
000000032
000000768
000000128
000000192
000001508
000001540
000000160
000000672
000001092
000000288
000000996
000000384
000001220
000000512
000001604
000001028
000001796
000000608
000001732
000001476
000000480
000000736
000000352
000001764
000001252
000000416
000001348
000000320
000000000
000001412
000001636
000001124
000001188
000000256
000001284
000001444
000000544
000000224
000001060
000000832
000001668
000001915
000000448
000001156
