000003077
000002245
000001157
000001989
000000576
000000064
000003109
000001797
000001893
000001701
000001413
000002629
000001253
000000933
000003589
000003237
000000096
000002405
000002565
000003173
000002789
000002725
000002533
000000965
000000032
000000901
000000128
000002885
000000192
000003429
000001189
000000160
000002853
000001445
000003333
000002501
000003013
000000288
000001541
000003493
000002949
000001093
000002437
000001061
000001733
000000384
000002341
000000512
000000997
000003717
000003653
000002181
000000837
000002053
000001221
000003301
000001637
000003269
000001573
000001669
000001285
000002917
000000480
000002309
000000352
000002373
000002981
000003525
000002085
000000416
000001957
000002117
000000741
000002469
000003621
000003397
000001029
000001317
000003685
000003365
000001925
000002213
000002149
000000320
000000000
000001605
000001861
000001125
000000256
000003141
000003045
000001509
000003461
000000869
000002693
000000544
000000224
000002597
000002821
000001381
000001349
000002661
000000773
000003205
000003557
000001477
000002277
000002021
000001765
000001829
000000709
000002757
000000805
000000448
