000001096
000000904
000000680
000000776
000000064
000001618
000001650
000001522
000001000
000000096
000001192
000000424
000000808
000000840
000000032
000000128
000000160
000001256
000001458
000000616
000000392
000000232
000000264
000001586
000000648
000001064
000001554
000000936
000000360
000001288
000000328
000000520
000000712
000000456
000001320
000000000
000001224
000000200
000000744
000001490
000000968
000001426
000001128
000001032
000000488
000000552
000001682
000001352
000000872
000000296
000001160
000000584
000001714
000001384
