000001414
000001350
000001670
000002651
000000064
000001702
000002224
000001904
000002459
000001094
000001158
000001254
000002192
000000096
000001478
000002619
000000998
000000032
000001936
000002587
000000934
000000128
000000192
000000160
000001286
000002160
000000288
000002064
000001734
000002128
000000384
000001030
000001606
000002402
000001190
000000838
000001862
000000774
000000870
000000742
000002370
000001766
000000806
000000352
000000678
000001382
000002096
000000710
000000320
000000000
000000966
000000902
000002032
000000256
000001968
000000224
000001446
000001798
000001510
000001830
000001542
000001638
000002000
000001318
000001126
000001222
000001574
000001062
000002555
000002523
000002338
000002491
