000000890
000001274
000000576
000000064
000000954
000001850
000000762
000000096
000002042
000001690
000001082
000001370
000000032
000001146
000000128
000000192
000000160
000001914
000001402
000000288
000002074
000001114
000000384
000000512
000001722
000001754
000001818
000000922
000001306
000001338
000001978
000001434
000001178
000000480
000000352
000001210
000000416
000001466
000000986
000001786
000001946
000000698
000001530
000001498
000001594
000000730
000000320
000000826
000000858
000001242
000000000
000001018
000001562
000001626
000000256
000000544
000000224
000000794
000001658
000001882
000001050
000002010
000000448
