000000800
000003693
000002669
000001760
000001792
000002253
000001600
000000576
000000064
000001312
000002285
000002573
000002605
000002509
000001024
000003405
000002829
000002701
000004237
000001344
000001472
000001536
000000096
000002157
000003821
000001088
000001632
000000704
000002061
000000640
000000960
000004141
000002381
000000032
000004109
000000768
000002989
000000128
000000192
000002125
000004429
000000160
000001568
000000672
000003053
000000288
000001152
000001952
000001120
000004333
000004013
000003309
000004269
000002733
000003213
000003117
000001376
000000384
000004205
000000512
000002413
000002893
000001216
000001184
000004493
000001696
000001856
000001056
000000896
000003181
000004301
000003437
000002445
000001504
000003277
000003917
000000608
000002541
000003373
000003469
000001888
000000480
000000736
000000352
000004461
000003341
000003021
000002957
000003629
000001920
000002189
000003757
000000416
000001664
000002317
000001997
000000928
000004077
000001824
000003853
000000320
000003501
000000000
000000992
000004365
000004045
000004173
000003981
000002637
000003597
000004397
000002029
000000256
000001408
000003565
000002477
000003661
000003085
000000544
000000224
000000832
000001440
000001248
000002221
000003789
000002925
000003245
000001280
000002093
000003149
000003885
000001728
000002349
000003533
000000864
000003725
000002861
000002765
000002797
000000448
000003949
