000000800
000001486
000000576
000000064
000001333
000001173
000000096
000000704
000000640
000001365
000001045
000000917
000000032
000000768
000001678
000001237
000000128
000000192
000000160
000001141
000000672
000000288
000001429
000001397
000001109
000000384
000000512
000000608
000001518
000001582
000000480
000000736
000000352
000000885
000001269
000000416
000000981
000001013
000001614
000001205
000000320
000000000
000000949
000001550
000001301
000000256
000000544
000000224
000001646
000000832
000001077
000000448
