000000800
000001760
000001792
000001600
000000576
000000064
000002433
000004011
000001312
000003115
000003147
000004043
000001024
000003979
000001344
000002465
000001472
000002721
000001536
000000096
000002080
000001088
000001632
000000704
000000640
000003051
000000960
000004139
000000032
000000768
000002657
000003755
000002497
000002955
000002112
000000128
000003403
000000192
000002561
000002273
000003179
000000160
000001568
000000672
000003083
000000288
000001152
000002337
000002016
000001952
000002881
000003851
000001120
000003531
000004171
000001984
000003499
000002987
000001376
000000384
000003563
000000512
000002593
000002144
000002529
000001216
000001184
000004107
000003595
000001696
000001856
000001056
000002177
000000896
000002048
000003339
000002625
000002923
000001504
000000608
000002849
000003787
000003307
000003275
000001888
000000480
000000736
000003883
000000352
000003371
000002369
000002305
000003691
000003627
000001920
000000416
000001664
000003659
000000928
000001824
000003211
000004203
000003435
000002241
000003467
000000320
000000000
000000992
000003723
000003819
000000256
000001408
000003243
000004235
000000544
000000224
000003019
000000832
000001440
000001248
000002401
000001280
000002209
000001728
000003915
000000864
000004075
000002689
000003947
000002785
000002817
000000448
000002753
