000001795
000000800
000001475
000000576
000000064
000001411
000001024
000002243
000001379
000000096
000001251
000001088
000000704
000000640
000000960
000001187
000000032
000000768
000000128
000001539
000000192
000000160
000000672
000000288
000001120
000002275
000001827
000001763
000000384
000001955
000000512
000002083
000001056
000000896
000001699
000001667
000001859
000000608
000002211
000000480
000000736
000000352
000001987
000002051
000001507
000000416
000002019
000000928
000001635
000002147
000001891
000001571
000001283
000002179
000000320
000001315
000000000
000000992
000001219
000000256
000001443
000000544
000000224
000000832
000001603
000002115
000001731
000001923
000001347
000000864
000000448
